Група: GL(2, Z3)
Порядок: 48
Абелева: False
Таблиця Келі:
[[1 0]
[0 1], [0 2]
[1 2], [0 2]
[2 2], [2 1]
[2 0], [1 1]
[1 0], [1 1]
[0 2], [1 1]
[2 1], [2 1]
[1 1], [2 0]
[0 1], [0 1]
[1 2], [0 1]
[2 2], [1 2]
[2 0], [2 2]
[1 0], [2 2]
[0 2], [2 2]
[2 1], [1 2]
[1 1], [1 1]
[0 1], [1 1]
[1 2], [2 1]
[2 2], [1 1]
[2 0], [2 1]
[1 0], [1 0]
[0 2], [0 2]
[2 1], [0 2]
[1 1], [2 2]
[0 1], [2 2]
[1 2], [1 2]
[2 2], [2 2]
[2 0], [1 2]
[1 0], [2 0]
[0 2], [0 1]
[2 1], [0 1]
[1 1], [2 1]
[0 1], [1 0]
[1 2], [2 0]
[2 2], [0 2]
[2 0], [0 2]
[1 0], [2 1]
[0 2], [1 0]
[2 1], [2 0]
[1 1], [1 2]
[0 1], [2 0]
[1 2], [1 0]
[2 2], [0 1]
[2 0], [0 1]
[1 0], [1 2]
[0 2], [2 0]
[2 1], [1 0]
[1 1]]
[[0 2]
[1 2], [2 1]
[2 0], [1 1]
[1 0], [1 0]
[0 1], [2 0]
[0 1], [0 1]
[1 2], [1 2]
[2 0], [2 2]
[1 0], [0 2]
[2 2], [2 1]
[2 2], [1 1]
[1 2], [1 0]
[2 2], [2 0]
[1 2], [0 1]
[2 0], [1 2]
[0 1], [2 2]
[0 1], [0 2]
[1 0], [2 1]
[0 2], [1 1]
[0 2], [1 0]
[2 1], [2 0]
[1 1], [0 1]
[1 1], [1 2]
[1 1], [2 2]
[2 1], [0 2]
[2 1], [2 1]
[1 0], [1 1]
[2 0], [1 0]
[0 2], [2 0]
[0 2], [0 1]
[2 1], [1 2]
[1 0], [2 2]
[2 0], [0 2]
[2 0], [2 1]
[0 1], [1 1]
[0 1], [1 0]
[1 2], [2 0]
[2 2], [0 1]
[2 2], [1 2]
[2 2], [2 2]
[1 2], [0 2]
[1 1], [2 1]
[1 1], [1 1]
[2 1], [1 0]
[1 1], [2 0]
[2 1], [0 1]
[1 0], [1 2]
[0 2], [2 2]
[0 2]]
[[0 2]
[2 2], [2 1]
[2 2], [1 1]
[1 2], [1 0]
[2 2], [2 0]
[1 2], [0 1]
[2 0], [1 2]
[0 1], [2 2]
[0 1], [0 2]
[1 2], [2 1]
[2 0], [1 1]
[1 0], [1 0]
[0 1], [2 0]
[0 1], [0 1]
[1 2], [1 2]
[2 0], [2 2]
[1 0], [0 2]
[2 1], [2 1]
[1 0], [1 1]
[2 0], [1 0]
[0 2], [2 0]
[0 2], [0 1]
[2 1], [1 2]
[1 0], [2 2]
[2 0], [0 2]
[1 0], [2 1]
[0 2], [1 1]
[0 2], [1 0]
[2 1], [2 0]
[1 1], [0 1]
[1 1], [1 2]
[1 1], [2 2]
[2 1], [0 2]
[1 1], [2 1]
[1 1], [1 1]
[2 1], [1 0]
[1 1], [2 0]
[2 1], [0 1]
[1 0], [1 2]
[0 2], [2 2]
[0 2], [0 2]
[2 0], [2 1]
[0 1], [1 1]
[0 1], [1 0]
[1 2], [2 0]
[2 2], [0 1]
[2 2], [1 2]
[2 2], [2 2]
[1 2]]
[[2 1]
[2 0], [1 0]
[0 1], [2 0]
[0 1], [0 2]
[1 2], [0 2]
[2 2], [2 1]
[2 2], [1 0]
[2 2], [2 0]
[1 2], [1 1]
[1 0], [1 1]
[0 2], [2 1]
[0 2], [1 1]
[2 1], [2 1]
[1 1], [1 0]
[1 1], [0 2]
[1 1], [0 2]
[2 1], [2 0]
[2 2], [0 1]
[2 2], [0 1]
[1 2], [1 2]
[2 2], [2 2]
[1 2], [2 2]
[2 0], [2 2]
[0 1], [1 2]
[0 1], [1 2]
[1 1], [2 0]
[1 1], [1 0]
[2 1], [0 1]
[1 1], [0 1]
[2 1], [1 2]
[1 0], [2 0]
[0 2], [1 0]
[0 2], [1 0]
[1 2], [0 2]
[2 0], [0 2]
[1 0], [2 1]
[0 1], [1 1]
[0 1], [1 1]
[1 2], [1 1]
[2 0], [2 1]
[1 0], [2 2]
[2 1], [2 2]
[1 0], [1 2]
[2 0], [2 2]
[0 2], [1 2]
[0 2], [2 0]
[2 1], [0 1]
[1 0], [0 1]
[2 0]]
[[1 1]
[1 0], [1 1]
[0 2], [2 1]
[0 2], [1 1]
[2 1], [2 1]
[1 1], [1 0]
[1 1], [0 2]
[1 1], [0 2]
[2 1], [2 1]
[2 0], [1 0]
[0 1], [2 0]
[0 1], [0 2]
[1 2], [0 2]
[2 2], [2 1]
[2 2], [1 0]
[2 2], [2 0]
[1 2], [1 2]
[1 1], [2 0]
[1 1], [1 0]
[2 1], [0 1]
[1 1], [0 1]
[2 1], [1 2]
[1 0], [2 0]
[0 2], [1 0]
[0 2], [2 0]
[2 2], [0 1]
[2 2], [0 1]
[1 2], [1 2]
[2 2], [2 2]
[1 2], [2 2]
[2 0], [2 2]
[0 1], [1 2]
[0 1], [2 2]
[2 1], [2 2]
[1 0], [1 2]
[2 0], [2 2]
[0 2], [1 2]
[0 2], [2 0]
[2 1], [0 1]
[1 0], [0 1]
[2 0], [1 0]
[1 2], [0 2]
[2 0], [0 2]
[1 0], [2 1]
[0 1], [1 1]
[0 1], [1 1]
[1 2], [1 1]
[2 0], [2 1]
[1 0]]
[[1 1]
[0 2], [1 1]
[2 1], [2 1]
[1 1], [1 1]
[1 0], [2 1]
[2 0], [1 0]
[0 1], [0 2]
[1 2], [0 2]
[2 2], [2 1]
[0 2], [1 0]
[2 1], [2 0]
[1 1], [0 2]
[1 0], [0 2]
[2 0], [2 1]
[0 1], [1 0]
[1 2], [2 0]
[2 2], [1 2]
[0 2], [2 0]
[2 1], [1 0]
[1 1], [0 1]
[1 0], [0 1]
[2 0], [1 2]
[0 1], [2 0]
[1 2], [1 0]
[2 2], [2 0]
[0 2], [0 1]
[2 1], [0 1]
[1 1], [1 2]
[1 0], [2 2]
[2 0], [2 2]
[0 1], [2 2]
[1 2], [1 2]
[2 2], [2 2]
[0 2], [2 2]
[2 1], [1 2]
[1 1], [2 2]
[1 0], [1 2]
[2 0], [2 0]
[0 1], [0 1]
[1 2], [0 1]
[2 2], [1 0]
[0 2], [0 2]
[2 1], [0 2]
[1 1], [2 1]
[1 0], [1 1]
[2 0], [1 1]
[0 1], [1 1]
[1 2], [2 1]
[2 2]]
[[1 1]
[2 1], [1 1]
[1 0], [2 1]
[2 0], [1 1]
[0 2], [2 1]
[0 2], [1 0]
[2 1], [0 2]
[1 0], [0 2]
[2 0], [2 1]
[1 1], [1 0]
[1 1], [2 0]
[2 1], [0 2]
[1 1], [0 2]
[2 1], [2 1]
[1 0], [1 0]
[0 2], [2 0]
[0 2], [1 2]
[2 0], [2 0]
[0 1], [1 0]
[0 1], [0 1]
[1 2], [0 1]
[2 2], [1 2]
[2 2], [2 0]
[2 2], [1 0]
[1 2], [2 0]
[1 2], [0 1]
[2 0], [0 1]
[1 0], [1 2]
[0 1], [2 2]
[0 1], [2 2]
[1 2], [2 2]
[2 0], [1 2]
[1 0], [2 2]
[1 0], [2 2]
[0 2], [1 2]
[0 2], [2 2]
[2 1], [1 2]
[1 1], [2 0]
[1 1], [0 1]
[1 1], [0 1]
[2 1], [1 0]
[2 2], [0 2]
[2 2], [0 2]
[1 2], [2 1]
[2 2], [1 1]
[1 2], [1 1]
[2 0], [1 1]
[0 1], [2 1]
[0 1]]
[[2 1]
[1 1], [1 0]
[1 1], [2 0]
[2 1], [0 2]
[1 1], [0 2]
[2 1], [2 1]
[1 0], [1 0]
[0 2], [2 0]
[0 2], [1 1]
[2 1], [1 1]
[1 0], [2 1]
[2 0], [1 1]
[0 2], [2 1]
[0 2], [1 0]
[2 1], [0 2]
[1 0], [0 2]
[2 0], [2 0]
[1 2], [0 1]
[2 0], [0 1]
[1 0], [1 2]
[0 1], [2 2]
[0 1], [2 2]
[1 2], [2 2]
[2 0], [1 2]
[1 0], [1 2]
[2 0], [2 0]
[0 1], [1 0]
[0 1], [0 1]
[1 2], [0 1]
[2 2], [1 2]
[2 2], [2 0]
[2 2], [1 0]
[1 2], [1 0]
[2 2], [0 2]
[2 2], [0 2]
[1 2], [2 1]
[2 2], [1 1]
[1 2], [1 1]
[2 0], [1 1]
[0 1], [2 1]
[0 1], [2 2]
[1 0], [2 2]
[0 2], [1 2]
[0 2], [2 2]
[2 1], [1 2]
[1 1], [2 0]
[1 1], [0 1]
[1 1], [0 1]
[2 1]]
[[2 0]
[0 1], [0 1]
[1 2], [0 1]
[2 2], [1 2]
[2 0], [2 2]
[1 0], [2 2]
[0 2], [2 2]
[2 1], [1 2]
[1 1], [1 0]
[0 1], [0 2]
[1 2], [0 2]
[2 2], [2 1]
[2 0], [1 1]
[1 0], [1 1]
[0 2], [1 1]
[2 1], [2 1]
[1 1], [2 2]
[0 1], [2 2]
[1 2], [1 2]
[2 2], [2 2]
[2 0], [1 2]
[1 0], [2 0]
[0 2], [0 1]
[2 1], [0 1]
[1 1], [1 1]
[0 1], [1 1]
[1 2], [2 1]
[2 2], [1 1]
[2 0], [2 1]
[1 0], [1 0]
[0 2], [0 2]
[2 1], [0 2]
[1 1], [1 2]
[0 1], [2 0]
[1 2], [1 0]
[2 2], [0 1]
[2 0], [0 1]
[1 0], [1 2]
[0 2], [2 0]
[2 1], [1 0]
[1 1], [2 1]
[0 1], [1 0]
[1 2], [2 0]
[2 2], [0 2]
[2 0], [0 2]
[1 0], [2 1]
[0 2], [1 0]
[2 1], [2 0]
[1 1]]
[[0 1]
[1 2], [1 2]
[2 0], [2 2]
[1 0], [2 0]
[0 1], [1 0]
[0 1], [0 2]
[1 2], [2 1]
[2 0], [1 1]
[1 0], [0 1]
[2 2], [1 2]
[2 2], [2 2]
[1 2], [2 0]
[2 2], [1 0]
[1 2], [0 2]
[2 0], [2 1]
[0 1], [1 1]
[0 1], [0 1]
[1 0], [1 2]
[0 2], [2 2]
[0 2], [2 0]
[2 1], [1 0]
[1 1], [0 2]
[1 1], [2 1]
[1 1], [1 1]
[2 1], [0 1]
[2 1], [1 2]
[1 0], [2 2]
[2 0], [2 0]
[0 2], [1 0]
[0 2], [0 2]
[2 1], [2 1]
[1 0], [1 1]
[2 0], [0 1]
[2 0], [1 2]
[0 1], [2 2]
[0 1], [2 0]
[1 2], [1 0]
[2 2], [0 2]
[2 2], [2 1]
[2 2], [1 1]
[1 2], [0 1]
[1 1], [1 2]
[1 1], [2 2]
[2 1], [2 0]
[1 1], [1 0]
[2 1], [0 2]
[1 0], [2 1]
[0 2], [1 1]
[0 2]]
[[0 1]
[2 2], [1 2]
[2 2], [2 2]
[1 2], [2 0]
[2 2], [1 0]
[1 2], [0 2]
[2 0], [2 1]
[0 1], [1 1]
[0 1], [0 1]
[1 2], [1 2]
[2 0], [2 2]
[1 0], [2 0]
[0 1], [1 0]
[0 1], [0 2]
[1 2], [2 1]
[2 0], [1 1]
[1 0], [0 1]
[2 1], [1 2]
[1 0], [2 2]
[2 0], [2 0]
[0 2], [1 0]
[0 2], [0 2]
[2 1], [2 1]
[1 0], [1 1]
[2 0], [0 1]
[1 0], [1 2]
[0 2], [2 2]
[0 2], [2 0]
[2 1], [1 0]
[1 1], [0 2]
[1 1], [2 1]
[1 1], [1 1]
[2 1], [0 1]
[1 1], [1 2]
[1 1], [2 2]
[2 1], [2 0]
[1 1], [1 0]
[2 1], [0 2]
[1 0], [2 1]
[0 2], [1 1]
[0 2], [0 1]
[2 0], [1 2]
[0 1], [2 2]
[0 1], [2 0]
[1 2], [1 0]
[2 2], [0 2]
[2 2], [2 1]
[2 2], [1 1]
[1 2]]
[[1 2]
[2 0], [2 0]
[0 1], [1 0]
[0 1], [0 1]
[1 2], [0 1]
[2 2], [1 2]
[2 2], [2 0]
[2 2], [1 0]
[1 2], [2 2]
[1 0], [2 2]
[0 2], [1 2]
[0 2], [2 2]
[2 1], [1 2]
[1 1], [2 0]
[1 1], [0 1]
[1 1], [0 1]
[2 1], [1 0]
[2 2], [0 2]
[2 2], [0 2]
[1 2], [2 1]
[2 2], [1 1]
[1 2], [1 1]
[2 0], [1 1]
[0 1], [2 1]
[0 1], [2 1]
[1 1], [1 0]
[1 1], [2 0]
[2 1], [0 2]
[1 1], [0 2]
[2 1], [2 1]
[1 0], [1 0]
[0 2], [2 0]
[0 2], [2 0]
[1 2], [0 1]
[2 0], [0 1]
[1 0], [1 2]
[0 1], [2 2]
[0 1], [2 2]
[1 2], [2 2]
[2 0], [1 2]
[1 0], [1 1]
[2 1], [1 1]
[1 0], [2 1]
[2 0], [1 1]
[0 2], [2 1]
[0 2], [1 0]
[2 1], [0 2]
[1 0], [0 2]
[2 0]]
[[2 2]
[1 0], [2 2]
[0 2], [1 2]
[0 2], [2 2]
[2 1], [1 2]
[1 1], [2 0]
[1 1], [0 1]
[1 1], [0 1]
[2 1], [1 2]
[2 0], [2 0]
[0 1], [1 0]
[0 1], [0 1]
[1 2], [0 1]
[2 2], [1 2]
[2 2], [2 0]
[2 2], [1 0]
[1 2], [2 1]
[1 1], [1 0]
[1 1], [2 0]
[2 1], [0 2]
[1 1], [0 2]
[2 1], [2 1]
[1 0], [1 0]
[0 2], [2 0]
[0 2], [1 0]
[2 2], [0 2]
[2 2], [0 2]
[1 2], [2 1]
[2 2], [1 1]
[1 2], [1 1]
[2 0], [1 1]
[0 1], [2 1]
[0 1], [1 1]
[2 1], [1 1]
[1 0], [2 1]
[2 0], [1 1]
[0 2], [2 1]
[0 2], [1 0]
[2 1], [0 2]
[1 0], [0 2]
[2 0], [2 0]
[1 2], [0 1]
[2 0], [0 1]
[1 0], [1 2]
[0 1], [2 2]
[0 1], [2 2]
[1 2], [2 2]
[2 0], [1 2]
[1 0]]
[[2 2]
[0 2], [2 2]
[2 1], [1 2]
[1 1], [2 2]
[1 0], [1 2]
[2 0], [2 0]
[0 1], [0 1]
[1 2], [0 1]
[2 2], [1 2]
[0 2], [2 0]
[2 1], [1 0]
[1 1], [0 1]
[1 0], [0 1]
[2 0], [1 2]
[0 1], [2 0]
[1 2], [1 0]
[2 2], [2 1]
[0 2], [1 0]
[2 1], [2 0]
[1 1], [0 2]
[1 0], [0 2]
[2 0], [2 1]
[0 1], [1 0]
[1 2], [2 0]
[2 2], [1 0]
[0 2], [0 2]
[2 1], [0 2]
[1 1], [2 1]
[1 0], [1 1]
[2 0], [1 1]
[0 1], [1 1]
[1 2], [2 1]
[2 2], [1 1]
[0 2], [1 1]
[2 1], [2 1]
[1 1], [1 1]
[1 0], [2 1]
[2 0], [1 0]
[0 1], [0 2]
[1 2], [0 2]
[2 2], [2 0]
[0 2], [0 1]
[2 1], [0 1]
[1 1], [1 2]
[1 0], [2 2]
[2 0], [2 2]
[0 1], [2 2]
[1 2], [1 2]
[2 2]]
[[2 2]
[2 1], [2 2]
[1 0], [1 2]
[2 0], [2 2]
[0 2], [1 2]
[0 2], [2 0]
[2 1], [0 1]
[1 0], [0 1]
[2 0], [1 2]
[1 1], [2 0]
[1 1], [1 0]
[2 1], [0 1]
[1 1], [0 1]
[2 1], [1 2]
[1 0], [2 0]
[0 2], [1 0]
[0 2], [2 1]
[2 0], [1 0]
[0 1], [2 0]
[0 1], [0 2]
[1 2], [0 2]
[2 2], [2 1]
[2 2], [1 0]
[2 2], [2 0]
[1 2], [1 0]
[1 2], [0 2]
[2 0], [0 2]
[1 0], [2 1]
[0 1], [1 1]
[0 1], [1 1]
[1 2], [1 1]
[2 0], [2 1]
[1 0], [1 1]
[1 0], [1 1]
[0 2], [2 1]
[0 2], [1 1]
[2 1], [2 1]
[1 1], [1 0]
[1 1], [0 2]
[1 1], [0 2]
[2 1], [2 0]
[2 2], [0 1]
[2 2], [0 1]
[1 2], [1 2]
[2 2], [2 2]
[1 2], [2 2]
[2 0], [2 2]
[0 1], [1 2]
[0 1]]
[[1 2]
[1 1], [2 0]
[1 1], [1 0]
[2 1], [0 1]
[1 1], [0 1]
[2 1], [1 2]
[1 0], [2 0]
[0 2], [1 0]
[0 2], [2 2]
[2 1], [2 2]
[1 0], [1 2]
[2 0], [2 2]
[0 2], [1 2]
[0 2], [2 0]
[2 1], [0 1]
[1 0], [0 1]
[2 0], [1 0]
[1 2], [0 2]
[2 0], [0 2]
[1 0], [2 1]
[0 1], [1 1]
[0 1], [1 1]
[1 2], [1 1]
[2 0], [2 1]
[1 0], [2 1]
[2 0], [1 0]
[0 1], [2 0]
[0 1], [0 2]
[1 2], [0 2]
[2 2], [2 1]
[2 2], [1 0]
[2 2], [2 0]
[1 2], [2 0]
[2 2], [0 1]
[2 2], [0 1]
[1 2], [1 2]
[2 2], [2 2]
[1 2], [2 2]
[2 0], [2 2]
[0 1], [1 2]
[0 1], [1 1]
[1 0], [1 1]
[0 2], [2 1]
[0 2], [1 1]
[2 1], [2 1]
[1 1], [1 0]
[1 1], [0 2]
[1 1], [0 2]
[2 1]]
[[1 1]
[0 1], [1 1]
[1 2], [2 1]
[2 2], [1 1]
[2 0], [2 1]
[1 0], [1 0]
[0 2], [0 2]
[2 1], [0 2]
[1 1], [2 1]
[0 1], [1 0]
[1 2], [2 0]
[2 2], [0 2]
[2 0], [0 2]
[1 0], [2 1]
[0 2], [1 0]
[2 1], [2 0]
[1 1], [1 2]
[0 1], [2 0]
[1 2], [1 0]
[2 2], [0 1]
[2 0], [0 1]
[1 0], [1 2]
[0 2], [2 0]
[2 1], [1 0]
[1 1], [2 0]
[0 1], [0 1]
[1 2], [0 1]
[2 2], [1 2]
[2 0], [2 2]
[1 0], [2 2]
[0 2], [2 2]
[2 1], [1 2]
[1 1], [2 2]
[0 1], [2 2]
[1 2], [1 2]
[2 2], [2 2]
[2 0], [1 2]
[1 0], [2 0]
[0 2], [0 1]
[2 1], [0 1]
[1 1], [1 0]
[0 1], [0 2]
[1 2], [0 2]
[2 2], [2 1]
[2 0], [1 1]
[1 0], [1 1]
[0 2], [1 1]
[2 1], [2 1]
[1 1]]
[[1 1]
[1 2], [1 1]
[2 0], [2 1]
[1 0], [1 1]
[0 1], [2 1]
[0 1], [1 0]
[1 2], [0 2]
[2 0], [0 2]
[1 0], [2 1]
[2 2], [1 0]
[2 2], [2 0]
[1 2], [0 2]
[2 2], [0 2]
[1 2], [2 1]
[2 0], [1 0]
[0 1], [2 0]
[0 1], [1 2]
[1 0], [2 0]
[0 2], [1 0]
[0 2], [0 1]
[2 1], [0 1]
[1 1], [1 2]
[1 1], [2 0]
[1 1], [1 0]
[2 1], [2 0]
[2 1], [0 1]
[1 0], [0 1]
[2 0], [1 2]
[0 2], [2 2]
[0 2], [2 2]
[2 1], [2 2]
[1 0], [1 2]
[2 0], [2 2]
[2 0], [2 2]
[0 1], [1 2]
[0 1], [2 2]
[1 2], [1 2]
[2 2], [2 0]
[2 2], [0 1]
[2 2], [0 1]
[1 2], [1 0]
[1 1], [0 2]
[1 1], [0 2]
[2 1], [2 1]
[1 1], [1 1]
[2 1], [1 1]
[1 0], [1 1]
[0 2], [2 1]
[0 2]]
[[2 1]
[2 2], [1 0]
[2 2], [2 0]
[1 2], [0 2]
[2 2], [0 2]
[1 2], [2 1]
[2 0], [1 0]
[0 1], [2 0]
[0 1], [1 1]
[1 2], [1 1]
[2 0], [2 1]
[1 0], [1 1]
[0 1], [2 1]
[0 1], [1 0]
[1 2], [0 2]
[2 0], [0 2]
[1 0], [2 0]
[2 1], [0 1]
[1 0], [0 1]
[2 0], [1 2]
[0 2], [2 2]
[0 2], [2 2]
[2 1], [2 2]
[1 0], [1 2]
[2 0], [1 2]
[1 0], [2 0]
[0 2], [1 0]
[0 2], [0 1]
[2 1], [0 1]
[1 1], [1 2]
[1 1], [2 0]
[1 1], [1 0]
[2 1], [1 0]
[1 1], [0 2]
[1 1], [0 2]
[2 1], [2 1]
[1 1], [1 1]
[2 1], [1 1]
[1 0], [1 1]
[0 2], [2 1]
[0 2], [2 2]
[2 0], [2 2]
[0 1], [1 2]
[0 1], [2 2]
[1 2], [1 2]
[2 2], [2 0]
[2 2], [0 1]
[2 2], [0 1]
[1 2]]
[[1 1]
[2 0], [1 1]
[0 1], [2 1]
[0 1], [1 1]
[1 2], [2 1]
[2 2], [1 0]
[2 2], [0 2]
[2 2], [0 2]
[1 2], [2 1]
[1 0], [1 0]
[0 2], [2 0]
[0 2], [0 2]
[2 1], [0 2]
[1 1], [2 1]
[1 1], [1 0]
[1 1], [2 0]
[2 1], [1 2]
[2 2], [2 0]
[2 2], [1 0]
[1 2], [0 1]
[2 2], [0 1]
[1 2], [1 2]
[2 0], [2 0]
[0 1], [1 0]
[0 1], [2 0]
[1 1], [0 1]
[1 1], [0 1]
[2 1], [1 2]
[1 1], [2 2]
[2 1], [2 2]
[1 0], [2 2]
[0 2], [1 2]
[0 2], [2 2]
[1 2], [2 2]
[2 0], [1 2]
[1 0], [2 2]
[0 1], [1 2]
[0 1], [2 0]
[1 2], [0 1]
[2 0], [0 1]
[1 0], [1 0]
[2 1], [0 2]
[1 0], [0 2]
[2 0], [2 1]
[0 2], [1 1]
[0 2], [1 1]
[2 1], [1 1]
[1 0], [2 1]
[2 0]]
[[2 1]
[1 0], [1 0]
[0 2], [2 0]
[0 2], [0 2]
[2 1], [0 2]
[1 1], [2 1]
[1 1], [1 0]
[1 1], [2 0]
[2 1], [1 1]
[2 0], [1 1]
[0 1], [2 1]
[0 1], [1 1]
[1 2], [2 1]
[2 2], [1 0]
[2 2], [0 2]
[2 2], [0 2]
[1 2], [2 0]
[1 1], [0 1]
[1 1], [0 1]
[2 1], [1 2]
[1 1], [2 2]
[2 1], [2 2]
[1 0], [2 2]
[0 2], [1 2]
[0 2], [1 2]
[2 2], [2 0]
[2 2], [1 0]
[1 2], [0 1]
[2 2], [0 1]
[1 2], [1 2]
[2 0], [2 0]
[0 1], [1 0]
[0 1], [1 0]
[2 1], [0 2]
[1 0], [0 2]
[2 0], [2 1]
[0 2], [1 1]
[0 2], [1 1]
[2 1], [1 1]
[1 0], [2 1]
[2 0], [2 2]
[1 2], [2 2]
[2 0], [1 2]
[1 0], [2 2]
[0 1], [1 2]
[0 1], [2 0]
[1 2], [0 1]
[2 0], [0 1]
[1 0]]
[[1 0]
[0 2], [0 2]
[2 1], [0 2]
[1 1], [2 1]
[1 0], [1 1]
[2 0], [1 1]
[0 1], [1 1]
[1 2], [2 1]
[2 2], [2 0]
[0 2], [0 1]
[2 1], [0 1]
[1 1], [1 2]
[1 0], [2 2]
[2 0], [2 2]
[0 1], [2 2]
[1 2], [1 2]
[2 2], [1 1]
[0 2], [1 1]
[2 1], [2 1]
[1 1], [1 1]
[1 0], [2 1]
[2 0], [1 0]
[0 1], [0 2]
[1 2], [0 2]
[2 2], [2 2]
[0 2], [2 2]
[2 1], [1 2]
[1 1], [2 2]
[1 0], [1 2]
[2 0], [2 0]
[0 1], [0 1]
[1 2], [0 1]
[2 2], [2 1]
[0 2], [1 0]
[2 1], [2 0]
[1 1], [0 2]
[1 0], [0 2]
[2 0], [2 1]
[0 1], [1 0]
[1 2], [2 0]
[2 2], [1 2]
[0 2], [2 0]
[2 1], [1 0]
[1 1], [0 1]
[1 0], [0 1]
[2 0], [1 2]
[0 1], [2 0]
[1 2], [1 0]
[2 2]]
[[0 2]
[2 1], [2 1]
[1 0], [1 1]
[2 0], [1 0]
[0 2], [2 0]
[0 2], [0 1]
[2 1], [1 2]
[1 0], [2 2]
[2 0], [0 2]
[1 1], [2 1]
[1 1], [1 1]
[2 1], [1 0]
[1 1], [2 0]
[2 1], [0 1]
[1 0], [1 2]
[0 2], [2 2]
[0 2], [0 2]
[2 0], [2 1]
[0 1], [1 1]
[0 1], [1 0]
[1 2], [2 0]
[2 2], [0 1]
[2 2], [1 2]
[2 2], [2 2]
[1 2], [0 2]
[1 2], [2 1]
[2 0], [1 1]
[1 0], [1 0]
[0 1], [2 0]
[0 1], [0 1]
[1 2], [1 2]
[2 0], [2 2]
[1 0], [0 2]
[1 0], [2 1]
[0 2], [1 1]
[0 2], [1 0]
[2 1], [2 0]
[1 1], [0 1]
[1 1], [1 2]
[1 1], [2 2]
[2 1], [0 2]
[2 2], [2 1]
[2 2], [1 1]
[1 2], [1 0]
[2 2], [2 0]
[1 2], [0 1]
[2 0], [1 2]
[0 1], [2 2]
[0 1]]
[[0 2]
[1 1], [2 1]
[1 1], [1 1]
[2 1], [1 0]
[1 1], [2 0]
[2 1], [0 1]
[1 0], [1 2]
[0 2], [2 2]
[0 2], [0 2]
[2 1], [2 1]
[1 0], [1 1]
[2 0], [1 0]
[0 2], [2 0]
[0 2], [0 1]
[2 1], [1 2]
[1 0], [2 2]
[2 0], [0 2]
[1 2], [2 1]
[2 0], [1 1]
[1 0], [1 0]
[0 1], [2 0]
[0 1], [0 1]
[1 2], [1 2]
[2 0], [2 2]
[1 0], [0 2]
[2 0], [2 1]
[0 1], [1 1]
[0 1], [1 0]
[1 2], [2 0]
[2 2], [0 1]
[2 2], [1 2]
[2 2], [2 2]
[1 2], [0 2]
[2 2], [2 1]
[2 2], [1 1]
[1 2], [1 0]
[2 2], [2 0]
[1 2], [0 1]
[2 0], [1 2]
[0 1], [2 2]
[0 1], [0 2]
[1 0], [2 1]
[0 2], [1 1]
[0 2], [1 0]
[2 1], [2 0]
[1 1], [0 1]
[1 1], [1 2]
[1 1], [2 2]
[2 1]]
[[2 2]
[0 1], [2 2]
[1 2], [1 2]
[2 2], [2 2]
[2 0], [1 2]
[1 0], [2 0]
[0 2], [0 1]
[2 1], [0 1]
[1 1], [1 2]
[0 1], [2 0]
[1 2], [1 0]
[2 2], [0 1]
[2 0], [0 1]
[1 0], [1 2]
[0 2], [2 0]
[2 1], [1 0]
[1 1], [2 1]
[0 1], [1 0]
[1 2], [2 0]
[2 2], [0 2]
[2 0], [0 2]
[1 0], [2 1]
[0 2], [1 0]
[2 1], [2 0]
[1 1], [1 0]
[0 1], [0 2]
[1 2], [0 2]
[2 2], [2 1]
[2 0], [1 1]
[1 0], [1 1]
[0 2], [1 1]
[2 1], [2 1]
[1 1], [1 1]
[0 1], [1 1]
[1 2], [2 1]
[2 2], [1 1]
[2 0], [2 1]
[1 0], [1 0]
[0 2], [0 2]
[2 1], [0 2]
[1 1], [2 0]
[0 1], [0 1]
[1 2], [0 1]
[2 2], [1 2]
[2 0], [2 2]
[1 0], [2 2]
[0 2], [2 2]
[2 1], [1 2]
[1 1]]
[[2 2]
[1 2], [2 2]
[2 0], [1 2]
[1 0], [2 2]
[0 1], [1 2]
[0 1], [2 0]
[1 2], [0 1]
[2 0], [0 1]
[1 0], [1 2]
[2 2], [2 0]
[2 2], [1 0]
[1 2], [0 1]
[2 2], [0 1]
[1 2], [1 2]
[2 0], [2 0]
[0 1], [1 0]
[0 1], [2 1]
[1 0], [1 0]
[0 2], [2 0]
[0 2], [0 2]
[2 1], [0 2]
[1 1], [2 1]
[1 1], [1 0]
[1 1], [2 0]
[2 1], [1 0]
[2 1], [0 2]
[1 0], [0 2]
[2 0], [2 1]
[0 2], [1 1]
[0 2], [1 1]
[2 1], [1 1]
[1 0], [2 1]
[2 0], [1 1]
[2 0], [1 1]
[0 1], [2 1]
[0 1], [1 1]
[1 2], [2 1]
[2 2], [1 0]
[2 2], [0 2]
[2 2], [0 2]
[1 2], [2 0]
[1 1], [0 1]
[1 1], [0 1]
[2 1], [1 2]
[1 1], [2 2]
[2 1], [2 2]
[1 0], [2 2]
[0 2], [1 2]
[0 2]]
[[1 2]
[2 2], [2 0]
[2 2], [1 0]
[1 2], [0 1]
[2 2], [0 1]
[1 2], [1 2]
[2 0], [2 0]
[0 1], [1 0]
[0 1], [2 2]
[1 2], [2 2]
[2 0], [1 2]
[1 0], [2 2]
[0 1], [1 2]
[0 1], [2 0]
[1 2], [0 1]
[2 0], [0 1]
[1 0], [1 0]
[2 1], [0 2]
[1 0], [0 2]
[2 0], [2 1]
[0 2], [1 1]
[0 2], [1 1]
[2 1], [1 1]
[1 0], [2 1]
[2 0], [2 1]
[1 0], [1 0]
[0 2], [2 0]
[0 2], [0 2]
[2 1], [0 2]
[1 1], [2 1]
[1 1], [1 0]
[1 1], [2 0]
[2 1], [2 0]
[1 1], [0 1]
[1 1], [0 1]
[2 1], [1 2]
[1 1], [2 2]
[2 1], [2 2]
[1 0], [2 2]
[0 2], [1 2]
[0 2], [1 1]
[2 0], [1 1]
[0 1], [2 1]
[0 1], [1 1]
[1 2], [2 1]
[2 2], [1 0]
[2 2], [0 2]
[2 2], [0 2]
[1 2]]
[[2 2]
[2 0], [2 2]
[0 1], [1 2]
[0 1], [2 2]
[1 2], [1 2]
[2 2], [2 0]
[2 2], [0 1]
[2 2], [0 1]
[1 2], [1 2]
[1 0], [2 0]
[0 2], [1 0]
[0 2], [0 1]
[2 1], [0 1]
[1 1], [1 2]
[1 1], [2 0]
[1 1], [1 0]
[2 1], [2 1]
[2 2], [1 0]
[2 2], [2 0]
[1 2], [0 2]
[2 2], [0 2]
[1 2], [2 1]
[2 0], [1 0]
[0 1], [2 0]
[0 1], [1 0]
[1 1], [0 2]
[1 1], [0 2]
[2 1], [2 1]
[1 1], [1 1]
[2 1], [1 1]
[1 0], [1 1]
[0 2], [2 1]
[0 2], [1 1]
[1 2], [1 1]
[2 0], [2 1]
[1 0], [1 1]
[0 1], [2 1]
[0 1], [1 0]
[1 2], [0 2]
[2 0], [0 2]
[1 0], [2 0]
[2 1], [0 1]
[1 0], [0 1]
[2 0], [1 2]
[0 2], [2 2]
[0 2], [2 2]
[2 1], [2 2]
[1 0], [1 2]
[2 0]]
[[1 2]
[1 0], [2 0]
[0 2], [1 0]
[0 2], [0 1]
[2 1], [0 1]
[1 1], [1 2]
[1 1], [2 0]
[1 1], [1 0]
[2 1], [2 2]
[2 0], [2 2]
[0 1], [1 2]
[0 1], [2 2]
[1 2], [1 2]
[2 2], [2 0]
[2 2], [0 1]
[2 2], [0 1]
[1 2], [1 0]
[1 1], [0 2]
[1 1], [0 2]
[2 1], [2 1]
[1 1], [1 1]
[2 1], [1 1]
[1 0], [1 1]
[0 2], [2 1]
[0 2], [2 1]
[2 2], [1 0]
[2 2], [2 0]
[1 2], [0 2]
[2 2], [0 2]
[1 2], [2 1]
[2 0], [1 0]
[0 1], [2 0]
[0 1], [2 0]
[2 1], [0 1]
[1 0], [0 1]
[2 0], [1 2]
[0 2], [2 2]
[0 2], [2 2]
[2 1], [2 2]
[1 0], [1 2]
[2 0], [1 1]
[1 2], [1 1]
[2 0], [2 1]
[1 0], [1 1]
[0 1], [2 1]
[0 1], [1 0]
[1 2], [0 2]
[2 0], [0 2]
[1 0]]
[[2 0]
[0 2], [0 1]
[2 1], [0 1]
[1 1], [1 2]
[1 0], [2 2]
[2 0], [2 2]
[0 1], [2 2]
[1 2], [1 2]
[2 2], [1 0]
[0 2], [0 2]
[2 1], [0 2]
[1 1], [2 1]
[1 0], [1 1]
[2 0], [1 1]
[0 1], [1 1]
[1 2], [2 1]
[2 2], [2 2]
[0 2], [2 2]
[2 1], [1 2]
[1 1], [2 2]
[1 0], [1 2]
[2 0], [2 0]
[0 1], [0 1]
[1 2], [0 1]
[2 2], [1 1]
[0 2], [1 1]
[2 1], [2 1]
[1 1], [1 1]
[1 0], [2 1]
[2 0], [1 0]
[0 1], [0 2]
[1 2], [0 2]
[2 2], [1 2]
[0 2], [2 0]
[2 1], [1 0]
[1 1], [0 1]
[1 0], [0 1]
[2 0], [1 2]
[0 1], [2 0]
[1 2], [1 0]
[2 2], [2 1]
[0 2], [1 0]
[2 1], [2 0]
[1 1], [0 2]
[1 0], [0 2]
[2 0], [2 1]
[0 1], [1 0]
[1 2], [2 0]
[2 2]]
[[0 1]
[2 1], [1 2]
[1 0], [2 2]
[2 0], [2 0]
[0 2], [1 0]
[0 2], [0 2]
[2 1], [2 1]
[1 0], [1 1]
[2 0], [0 1]
[1 1], [1 2]
[1 1], [2 2]
[2 1], [2 0]
[1 1], [1 0]
[2 1], [0 2]
[1 0], [2 1]
[0 2], [1 1]
[0 2], [0 1]
[2 0], [1 2]
[0 1], [2 2]
[0 1], [2 0]
[1 2], [1 0]
[2 2], [0 2]
[2 2], [2 1]
[2 2], [1 1]
[1 2], [0 1]
[1 2], [1 2]
[2 0], [2 2]
[1 0], [2 0]
[0 1], [1 0]
[0 1], [0 2]
[1 2], [2 1]
[2 0], [1 1]
[1 0], [0 1]
[1 0], [1 2]
[0 2], [2 2]
[0 2], [2 0]
[2 1], [1 0]
[1 1], [0 2]
[1 1], [2 1]
[1 1], [1 1]
[2 1], [0 1]
[2 2], [1 2]
[2 2], [2 2]
[1 2], [2 0]
[2 2], [1 0]
[1 2], [0 2]
[2 0], [2 1]
[0 1], [1 1]
[0 1]]
[[0 1]
[1 1], [1 2]
[1 1], [2 2]
[2 1], [2 0]
[1 1], [1 0]
[2 1], [0 2]
[1 0], [2 1]
[0 2], [1 1]
[0 2], [0 1]
[2 1], [1 2]
[1 0], [2 2]
[2 0], [2 0]
[0 2], [1 0]
[0 2], [0 2]
[2 1], [2 1]
[1 0], [1 1]
[2 0], [0 1]
[1 2], [1 2]
[2 0], [2 2]
[1 0], [2 0]
[0 1], [1 0]
[0 1], [0 2]
[1 2], [2 1]
[2 0], [1 1]
[1 0], [0 1]
[2 0], [1 2]
[0 1], [2 2]
[0 1], [2 0]
[1 2], [1 0]
[2 2], [0 2]
[2 2], [2 1]
[2 2], [1 1]
[1 2], [0 1]
[2 2], [1 2]
[2 2], [2 2]
[1 2], [2 0]
[2 2], [1 0]
[1 2], [0 2]
[2 0], [2 1]
[0 1], [1 1]
[0 1], [0 1]
[1 0], [1 2]
[0 2], [2 2]
[0 2], [2 0]
[2 1], [1 0]
[1 1], [0 2]
[1 1], [2 1]
[1 1], [1 1]
[2 1]]
[[2 1]
[0 1], [1 0]
[1 2], [2 0]
[2 2], [0 2]
[2 0], [0 2]
[1 0], [2 1]
[0 2], [1 0]
[2 1], [2 0]
[1 1], [1 1]
[0 1], [1 1]
[1 2], [2 1]
[2 2], [1 1]
[2 0], [2 1]
[1 0], [1 0]
[0 2], [0 2]
[2 1], [0 2]
[1 1], [2 0]
[0 1], [0 1]
[1 2], [0 1]
[2 2], [1 2]
[2 0], [2 2]
[1 0], [2 2]
[0 2], [2 2]
[2 1], [1 2]
[1 1], [1 2]
[0 1], [2 0]
[1 2], [1 0]
[2 2], [0 1]
[2 0], [0 1]
[1 0], [1 2]
[0 2], [2 0]
[2 1], [1 0]
[1 1], [1 0]
[0 1], [0 2]
[1 2], [0 2]
[2 2], [2 1]
[2 0], [1 1]
[1 0], [1 1]
[0 2], [1 1]
[2 1], [2 1]
[1 1], [2 2]
[0 1], [2 2]
[1 2], [1 2]
[2 2], [2 2]
[2 0], [1 2]
[1 0], [2 0]
[0 2], [0 1]
[2 1], [0 1]
[1 1]]
[[1 0]
[1 2], [0 2]
[2 0], [0 2]
[1 0], [2 1]
[0 1], [1 1]
[0 1], [1 1]
[1 2], [1 1]
[2 0], [2 1]
[1 0], [2 0]
[2 2], [0 1]
[2 2], [0 1]
[1 2], [1 2]
[2 2], [2 2]
[1 2], [2 2]
[2 0], [2 2]
[0 1], [1 2]
[0 1], [1 1]
[1 0], [1 1]
[0 2], [2 1]
[0 2], [1 1]
[2 1], [2 1]
[1 1], [1 0]
[1 1], [0 2]
[1 1], [0 2]
[2 1], [2 2]
[2 1], [2 2]
[1 0], [1 2]
[2 0], [2 2]
[0 2], [1 2]
[0 2], [2 0]
[2 1], [0 1]
[1 0], [0 1]
[2 0], [2 1]
[2 0], [1 0]
[0 1], [2 0]
[0 1], [0 2]
[1 2], [0 2]
[2 2], [2 1]
[2 2], [1 0]
[2 2], [2 0]
[1 2], [1 2]
[1 1], [2 0]
[1 1], [1 0]
[2 1], [0 1]
[1 1], [0 1]
[2 1], [1 2]
[1 0], [2 0]
[0 2], [1 0]
[0 2]]
[[2 0]
[2 2], [0 1]
[2 2], [0 1]
[1 2], [1 2]
[2 2], [2 2]
[1 2], [2 2]
[2 0], [2 2]
[0 1], [1 2]
[0 1], [1 0]
[1 2], [0 2]
[2 0], [0 2]
[1 0], [2 1]
[0 1], [1 1]
[0 1], [1 1]
[1 2], [1 1]
[2 0], [2 1]
[1 0], [2 2]
[2 1], [2 2]
[1 0], [1 2]
[2 0], [2 2]
[0 2], [1 2]
[0 2], [2 0]
[2 1], [0 1]
[1 0], [0 1]
[2 0], [1 1]
[1 0], [1 1]
[0 2], [2 1]
[0 2], [1 1]
[2 1], [2 1]
[1 1], [1 0]
[1 1], [0 2]
[1 1], [0 2]
[2 1], [1 2]
[1 1], [2 0]
[1 1], [1 0]
[2 1], [0 1]
[1 1], [0 1]
[2 1], [1 2]
[1 0], [2 0]
[0 2], [1 0]
[0 2], [2 1]
[2 0], [1 0]
[0 1], [2 0]
[0 1], [0 2]
[1 2], [0 2]
[2 2], [2 1]
[2 2], [1 0]
[2 2], [2 0]
[1 2]]
[[0 2]
[2 0], [2 1]
[0 1], [1 1]
[0 1], [1 0]
[1 2], [2 0]
[2 2], [0 1]
[2 2], [1 2]
[2 2], [2 2]
[1 2], [0 2]
[1 0], [2 1]
[0 2], [1 1]
[0 2], [1 0]
[2 1], [2 0]
[1 1], [0 1]
[1 1], [1 2]
[1 1], [2 2]
[2 1], [0 2]
[2 2], [2 1]
[2 2], [1 1]
[1 2], [1 0]
[2 2], [2 0]
[1 2], [0 1]
[2 0], [1 2]
[0 1], [2 2]
[0 1], [0 2]
[1 1], [2 1]
[1 1], [1 1]
[2 1], [1 0]
[1 1], [2 0]
[2 1], [0 1]
[1 0], [1 2]
[0 2], [2 2]
[0 2], [0 2]
[1 2], [2 1]
[2 0], [1 1]
[1 0], [1 0]
[0 1], [2 0]
[0 1], [0 1]
[1 2], [1 2]
[2 0], [2 2]
[1 0], [0 2]
[2 1], [2 1]
[1 0], [1 1]
[2 0], [1 0]
[0 2], [2 0]
[0 2], [0 1]
[2 1], [1 2]
[1 0], [2 2]
[2 0]]
[[0 2]
[1 0], [2 1]
[0 2], [1 1]
[0 2], [1 0]
[2 1], [2 0]
[1 1], [0 1]
[1 1], [1 2]
[1 1], [2 2]
[2 1], [0 2]
[2 0], [2 1]
[0 1], [1 1]
[0 1], [1 0]
[1 2], [2 0]
[2 2], [0 1]
[2 2], [1 2]
[2 2], [2 2]
[1 2], [0 2]
[1 1], [2 1]
[1 1], [1 1]
[2 1], [1 0]
[1 1], [2 0]
[2 1], [0 1]
[1 0], [1 2]
[0 2], [2 2]
[0 2], [0 2]
[2 2], [2 1]
[2 2], [1 1]
[1 2], [1 0]
[2 2], [2 0]
[1 2], [0 1]
[2 0], [1 2]
[0 1], [2 2]
[0 1], [0 2]
[2 1], [2 1]
[1 0], [1 1]
[2 0], [1 0]
[0 2], [2 0]
[0 2], [0 1]
[2 1], [1 2]
[1 0], [2 2]
[2 0], [0 2]
[1 2], [2 1]
[2 0], [1 1]
[1 0], [1 0]
[0 1], [2 0]
[0 1], [0 1]
[1 2], [1 2]
[2 0], [2 2]
[1 0]]
[[2 1]
[0 2], [1 0]
[2 1], [2 0]
[1 1], [0 2]
[1 0], [0 2]
[2 0], [2 1]
[0 1], [1 0]
[1 2], [2 0]
[2 2], [1 1]
[0 2], [1 1]
[2 1], [2 1]
[1 1], [1 1]
[1 0], [2 1]
[2 0], [1 0]
[0 1], [0 2]
[1 2], [0 2]
[2 2], [2 0]
[0 2], [0 1]
[2 1], [0 1]
[1 1], [1 2]
[1 0], [2 2]
[2 0], [2 2]
[0 1], [2 2]
[1 2], [1 2]
[2 2], [1 2]
[0 2], [2 0]
[2 1], [1 0]
[1 1], [0 1]
[1 0], [0 1]
[2 0], [1 2]
[0 1], [2 0]
[1 2], [1 0]
[2 2], [1 0]
[0 2], [0 2]
[2 1], [0 2]
[1 1], [2 1]
[1 0], [1 1]
[2 0], [1 1]
[0 1], [1 1]
[1 2], [2 1]
[2 2], [2 2]
[0 2], [2 2]
[2 1], [1 2]
[1 1], [2 2]
[1 0], [1 2]
[2 0], [2 0]
[0 1], [0 1]
[1 2], [0 1]
[2 2]]
[[1 0]
[2 1], [0 2]
[1 0], [0 2]
[2 0], [2 1]
[0 2], [1 1]
[0 2], [1 1]
[2 1], [1 1]
[1 0], [2 1]
[2 0], [2 0]
[1 1], [0 1]
[1 1], [0 1]
[2 1], [1 2]
[1 1], [2 2]
[2 1], [2 2]
[1 0], [2 2]
[0 2], [1 2]
[0 2], [1 1]
[2 0], [1 1]
[0 1], [2 1]
[0 1], [1 1]
[1 2], [2 1]
[2 2], [1 0]
[2 2], [0 2]
[2 2], [0 2]
[1 2], [2 2]
[1 2], [2 2]
[2 0], [1 2]
[1 0], [2 2]
[0 1], [1 2]
[0 1], [2 0]
[1 2], [0 1]
[2 0], [0 1]
[1 0], [2 1]
[1 0], [1 0]
[0 2], [2 0]
[0 2], [0 2]
[2 1], [0 2]
[1 1], [2 1]
[1 1], [1 0]
[1 1], [2 0]
[2 1], [1 2]
[2 2], [2 0]
[2 2], [1 0]
[1 2], [0 1]
[2 2], [0 1]
[1 2], [1 2]
[2 0], [2 0]
[0 1], [1 0]
[0 1]]
[[2 0]
[1 1], [0 1]
[1 1], [0 1]
[2 1], [1 2]
[1 1], [2 2]
[2 1], [2 2]
[1 0], [2 2]
[0 2], [1 2]
[0 2], [1 0]
[2 1], [0 2]
[1 0], [0 2]
[2 0], [2 1]
[0 2], [1 1]
[0 2], [1 1]
[2 1], [1 1]
[1 0], [2 1]
[2 0], [2 2]
[1 2], [2 2]
[2 0], [1 2]
[1 0], [2 2]
[0 1], [1 2]
[0 1], [2 0]
[1 2], [0 1]
[2 0], [0 1]
[1 0], [1 1]
[2 0], [1 1]
[0 1], [2 1]
[0 1], [1 1]
[1 2], [2 1]
[2 2], [1 0]
[2 2], [0 2]
[2 2], [0 2]
[1 2], [1 2]
[2 2], [2 0]
[2 2], [1 0]
[1 2], [0 1]
[2 2], [0 1]
[1 2], [1 2]
[2 0], [2 0]
[0 1], [1 0]
[0 1], [2 1]
[1 0], [1 0]
[0 2], [2 0]
[0 2], [0 2]
[2 1], [0 2]
[1 1], [2 1]
[1 1], [1 0]
[1 1], [2 0]
[2 1]]
[[1 2]
[0 1], [2 0]
[1 2], [1 0]
[2 2], [0 1]
[2 0], [0 1]
[1 0], [1 2]
[0 2], [2 0]
[2 1], [1 0]
[1 1], [2 2]
[0 1], [2 2]
[1 2], [1 2]
[2 2], [2 2]
[2 0], [1 2]
[1 0], [2 0]
[0 2], [0 1]
[2 1], [0 1]
[1 1], [1 0]
[0 1], [0 2]
[1 2], [0 2]
[2 2], [2 1]
[2 0], [1 1]
[1 0], [1 1]
[0 2], [1 1]
[2 1], [2 1]
[1 1], [2 1]
[0 1], [1 0]
[1 2], [2 0]
[2 2], [0 2]
[2 0], [0 2]
[1 0], [2 1]
[0 2], [1 0]
[2 1], [2 0]
[1 1], [2 0]
[0 1], [0 1]
[1 2], [0 1]
[2 2], [1 2]
[2 0], [2 2]
[1 0], [2 2]
[0 2], [2 2]
[2 1], [1 2]
[1 1], [1 1]
[0 1], [1 1]
[1 2], [2 1]
[2 2], [1 1]
[2 0], [2 1]
[1 0], [1 0]
[0 2], [0 2]
[2 1], [0 2]
[1 1]]
[[2 0]
[1 2], [0 1]
[2 0], [0 1]
[1 0], [1 2]
[0 1], [2 2]
[0 1], [2 2]
[1 2], [2 2]
[2 0], [1 2]
[1 0], [1 0]
[2 2], [0 2]
[2 2], [0 2]
[1 2], [2 1]
[2 2], [1 1]
[1 2], [1 1]
[2 0], [1 1]
[0 1], [2 1]
[0 1], [2 2]
[1 0], [2 2]
[0 2], [1 2]
[0 2], [2 2]
[2 1], [1 2]
[1 1], [2 0]
[1 1], [0 1]
[1 1], [0 1]
[2 1], [1 1]
[2 1], [1 1]
[1 0], [2 1]
[2 0], [1 1]
[0 2], [2 1]
[0 2], [1 0]
[2 1], [0 2]
[1 0], [0 2]
[2 0], [1 2]
[2 0], [2 0]
[0 1], [1 0]
[0 1], [0 1]
[1 2], [0 1]
[2 2], [1 2]
[2 2], [2 0]
[2 2], [1 0]
[1 2], [2 1]
[1 1], [1 0]
[1 1], [2 0]
[2 1], [0 2]
[1 1], [0 2]
[2 1], [2 1]
[1 0], [1 0]
[0 2], [2 0]
[0 2]]
[[1 0]
[2 2], [0 2]
[2 2], [0 2]
[1 2], [2 1]
[2 2], [1 1]
[1 2], [1 1]
[2 0], [1 1]
[0 1], [2 1]
[0 1], [2 0]
[1 2], [0 1]
[2 0], [0 1]
[1 0], [1 2]
[0 1], [2 2]
[0 1], [2 2]
[1 2], [2 2]
[2 0], [1 2]
[1 0], [1 1]
[2 1], [1 1]
[1 0], [2 1]
[2 0], [1 1]
[0 2], [2 1]
[0 2], [1 0]
[2 1], [0 2]
[1 0], [0 2]
[2 0], [2 2]
[1 0], [2 2]
[0 2], [1 2]
[0 2], [2 2]
[2 1], [1 2]
[1 1], [2 0]
[1 1], [0 1]
[1 1], [0 1]
[2 1], [2 1]
[1 1], [1 0]
[1 1], [2 0]
[2 1], [0 2]
[1 1], [0 2]
[2 1], [2 1]
[1 0], [1 0]
[0 2], [2 0]
[0 2], [1 2]
[2 0], [2 0]
[0 1], [1 0]
[0 1], [0 1]
[1 2], [0 1]
[2 2], [1 2]
[2 2], [2 0]
[2 2], [1 0]
[1 2]]
[[0 1]
[2 0], [1 2]
[0 1], [2 2]
[0 1], [2 0]
[1 2], [1 0]
[2 2], [0 2]
[2 2], [2 1]
[2 2], [1 1]
[1 2], [0 1]
[1 0], [1 2]
[0 2], [2 2]
[0 2], [2 0]
[2 1], [1 0]
[1 1], [0 2]
[1 1], [2 1]
[1 1], [1 1]
[2 1], [0 1]
[2 2], [1 2]
[2 2], [2 2]
[1 2], [2 0]
[2 2], [1 0]
[1 2], [0 2]
[2 0], [2 1]
[0 1], [1 1]
[0 1], [0 1]
[1 1], [1 2]
[1 1], [2 2]
[2 1], [2 0]
[1 1], [1 0]
[2 1], [0 2]
[1 0], [2 1]
[0 2], [1 1]
[0 2], [0 1]
[1 2], [1 2]
[2 0], [2 2]
[1 0], [2 0]
[0 1], [1 0]
[0 1], [0 2]
[1 2], [2 1]
[2 0], [1 1]
[1 0], [0 1]
[2 1], [1 2]
[1 0], [2 2]
[2 0], [2 0]
[0 2], [1 0]
[0 2], [0 2]
[2 1], [2 1]
[1 0], [1 1]
[2 0]]
[[0 1]
[1 0], [1 2]
[0 2], [2 2]
[0 2], [2 0]
[2 1], [1 0]
[1 1], [0 2]
[1 1], [2 1]
[1 1], [1 1]
[2 1], [0 1]
[2 0], [1 2]
[0 1], [2 2]
[0 1], [2 0]
[1 2], [1 0]
[2 2], [0 2]
[2 2], [2 1]
[2 2], [1 1]
[1 2], [0 1]
[1 1], [1 2]
[1 1], [2 2]
[2 1], [2 0]
[1 1], [1 0]
[2 1], [0 2]
[1 0], [2 1]
[0 2], [1 1]
[0 2], [0 1]
[2 2], [1 2]
[2 2], [2 2]
[1 2], [2 0]
[2 2], [1 0]
[1 2], [0 2]
[2 0], [2 1]
[0 1], [1 1]
[0 1], [0 1]
[2 1], [1 2]
[1 0], [2 2]
[2 0], [2 0]
[0 2], [1 0]
[0 2], [0 2]
[2 1], [2 1]
[1 0], [1 1]
[2 0], [0 1]
[1 2], [1 2]
[2 0], [2 2]
[1 0], [2 0]
[0 1], [1 0]
[0 1], [0 2]
[1 2], [2 1]
[2 0], [1 1]
[1 0]]
[[1 2]
[0 2], [2 0]
[2 1], [1 0]
[1 1], [0 1]
[1 0], [0 1]
[2 0], [1 2]
[0 1], [2 0]
[1 2], [1 0]
[2 2], [2 2]
[0 2], [2 2]
[2 1], [1 2]
[1 1], [2 2]
[1 0], [1 2]
[2 0], [2 0]
[0 1], [0 1]
[1 2], [0 1]
[2 2], [1 0]
[0 2], [0 2]
[2 1], [0 2]
[1 1], [2 1]
[1 0], [1 1]
[2 0], [1 1]
[0 1], [1 1]
[1 2], [2 1]
[2 2], [2 1]
[0 2], [1 0]
[2 1], [2 0]
[1 1], [0 2]
[1 0], [0 2]
[2 0], [2 1]
[0 1], [1 0]
[1 2], [2 0]
[2 2], [2 0]
[0 2], [0 1]
[2 1], [0 1]
[1 1], [1 2]
[1 0], [2 2]
[2 0], [2 2]
[0 1], [2 2]
[1 2], [1 2]
[2 2], [1 1]
[0 2], [1 1]
[2 1], [2 1]
[1 1], [1 1]
[1 0], [2 1]
[2 0], [1 0]
[0 1], [0 2]
[1 2], [0 2]
[2 2]]
[[2 0]
[2 1], [0 1]
[1 0], [0 1]
[2 0], [1 2]
[0 2], [2 2]
[0 2], [2 2]
[2 1], [2 2]
[1 0], [1 2]
[2 0], [1 0]
[1 1], [0 2]
[1 1], [0 2]
[2 1], [2 1]
[1 1], [1 1]
[2 1], [1 1]
[1 0], [1 1]
[0 2], [2 1]
[0 2], [2 2]
[2 0], [2 2]
[0 1], [1 2]
[0 1], [2 2]
[1 2], [1 2]
[2 2], [2 0]
[2 2], [0 1]
[2 2], [0 1]
[1 2], [1 1]
[1 2], [1 1]
[2 0], [2 1]
[1 0], [1 1]
[0 1], [2 1]
[0 1], [1 0]
[1 2], [0 2]
[2 0], [0 2]
[1 0], [1 2]
[1 0], [2 0]
[0 2], [1 0]
[0 2], [0 1]
[2 1], [0 1]
[1 1], [1 2]
[1 1], [2 0]
[1 1], [1 0]
[2 1], [2 1]
[2 2], [1 0]
[2 2], [2 0]
[1 2], [0 2]
[2 2], [0 2]
[1 2], [2 1]
[2 0], [1 0]
[0 1], [2 0]
[0 1]]
[[1 0]
[1 1], [0 2]
[1 1], [0 2]
[2 1], [2 1]
[1 1], [1 1]
[2 1], [1 1]
[1 0], [1 1]
[0 2], [2 1]
[0 2], [2 0]
[2 1], [0 1]
[1 0], [0 1]
[2 0], [1 2]
[0 2], [2 2]
[0 2], [2 2]
[2 1], [2 2]
[1 0], [1 2]
[2 0], [1 1]
[1 2], [1 1]
[2 0], [2 1]
[1 0], [1 1]
[0 1], [2 1]
[0 1], [1 0]
[1 2], [0 2]
[2 0], [0 2]
[1 0], [2 2]
[2 0], [2 2]
[0 1], [1 2]
[0 1], [2 2]
[1 2], [1 2]
[2 2], [2 0]
[2 2], [0 1]
[2 2], [0 1]
[1 2], [2 1]
[2 2], [1 0]
[2 2], [2 0]
[1 2], [0 2]
[2 2], [0 2]
[1 2], [2 1]
[2 0], [1 0]
[0 1], [2 0]
[0 1], [1 2]
[1 0], [2 0]
[0 2], [1 0]
[0 2], [0 1]
[2 1], [0 1]
[1 1], [1 2]
[1 1], [2 0]
[1 1], [1 0]
[2 1]]

Група: D10
Порядок: 20
Абелева: False
Таблиця Келі:
[(), (1,9,7,5,3)(2,10,8,6,4), (1,7,3,9,5)(2,8,4,10,6), (1,5,9,3,7)(2,6,10,4,8), (1,3,5,7,9)(2,4,6,8,10), (1,10,9,8,7,6,5,4,3,2), (1,8,5,2,9,6,3,10,7,4), (1,6)(2,7)(3,8)(4,9)(5,10), (1,4,7,10,3,6,9,2,5,8), (1,2,3,4,5,6,7,8,9,10), (2,10)(3,9)(4,8)(5,7), (1,9)(2,8)(3,7)(4,6), (1,7)(2,6)(3,5)(8,10), (1,5)(2,4)(6,10)(7,9), (1,3)(4,10)(5,9)(6,8), (1,10)(2,9)(3,8)(4,7)(5,6), (1,8)(2,7)(3,6)(4,5)(9,10), (1,6)(2,5)(3,4)(7,10)(8,9), (1,4)(2,3)(5,10)(6,9)(7,8), (1,2)(3,10)(4,9)(5,8)(6,7)]
[(1,9,7,5,3)(2,10,8,6,4), (1,7,3,9,5)(2,8,4,10,6), (1,5,9,3,7)(2,6,10,4,8), (1,3,5,7,9)(2,4,6,8,10), (), (1,8,5,2,9,6,3,10,7,4), (1,6)(2,7)(3,8)(4,9)(5,10), (1,4,7,10,3,6,9,2,5,8), (1,2,3,4,5,6,7,8,9,10), (1,10,9,8,7,6,5,4,3,2), (1,3)(4,10)(5,9)(6,8), (2,10)(3,9)(4,8)(5,7), (1,9)(2,8)(3,7)(4,6), (1,7)(2,6)(3,5)(8,10), (1,5)(2,4)(6,10)(7,9), (1,2)(3,10)(4,9)(5,8)(6,7), (1,10)(2,9)(3,8)(4,7)(5,6), (1,8)(2,7)(3,6)(4,5)(9,10), (1,6)(2,5)(3,4)(7,10)(8,9), (1,4)(2,3)(5,10)(6,9)(7,8)]
[(1,7,3,9,5)(2,8,4,10,6), (1,5,9,3,7)(2,6,10,4,8), (1,3,5,7,9)(2,4,6,8,10), (), (1,9,7,5,3)(2,10,8,6,4), (1,6)(2,7)(3,8)(4,9)(5,10), (1,4,7,10,3,6,9,2,5,8), (1,2,3,4,5,6,7,8,9,10), (1,10,9,8,7,6,5,4,3,2), (1,8,5,2,9,6,3,10,7,4), (1,5)(2,4)(6,10)(7,9), (1,3)(4,10)(5,9)(6,8), (2,10)(3,9)(4,8)(5,7), (1,9)(2,8)(3,7)(4,6), (1,7)(2,6)(3,5)(8,10), (1,4)(2,3)(5,10)(6,9)(7,8), (1,2)(3,10)(4,9)(5,8)(6,7), (1,10)(2,9)(3,8)(4,7)(5,6), (1,8)(2,7)(3,6)(4,5)(9,10), (1,6)(2,5)(3,4)(7,10)(8,9)]
[(1,5,9,3,7)(2,6,10,4,8), (1,3,5,7,9)(2,4,6,8,10), (), (1,9,7,5,3)(2,10,8,6,4), (1,7,3,9,5)(2,8,4,10,6), (1,4,7,10,3,6,9,2,5,8), (1,2,3,4,5,6,7,8,9,10), (1,10,9,8,7,6,5,4,3,2), (1,8,5,2,9,6,3,10,7,4), (1,6)(2,7)(3,8)(4,9)(5,10), (1,7)(2,6)(3,5)(8,10), (1,5)(2,4)(6,10)(7,9), (1,3)(4,10)(5,9)(6,8), (2,10)(3,9)(4,8)(5,7), (1,9)(2,8)(3,7)(4,6), (1,6)(2,5)(3,4)(7,10)(8,9), (1,4)(2,3)(5,10)(6,9)(7,8), (1,2)(3,10)(4,9)(5,8)(6,7), (1,10)(2,9)(3,8)(4,7)(5,6), (1,8)(2,7)(3,6)(4,5)(9,10)]
[(1,3,5,7,9)(2,4,6,8,10), (), (1,9,7,5,3)(2,10,8,6,4), (1,7,3,9,5)(2,8,4,10,6), (1,5,9,3,7)(2,6,10,4,8), (1,2,3,4,5,6,7,8,9,10), (1,10,9,8,7,6,5,4,3,2), (1,8,5,2,9,6,3,10,7,4), (1,6)(2,7)(3,8)(4,9)(5,10), (1,4,7,10,3,6,9,2,5,8), (1,9)(2,8)(3,7)(4,6), (1,7)(2,6)(3,5)(8,10), (1,5)(2,4)(6,10)(7,9), (1,3)(4,10)(5,9)(6,8), (2,10)(3,9)(4,8)(5,7), (1,8)(2,7)(3,6)(4,5)(9,10), (1,6)(2,5)(3,4)(7,10)(8,9), (1,4)(2,3)(5,10)(6,9)(7,8), (1,2)(3,10)(4,9)(5,8)(6,7), (1,10)(2,9)(3,8)(4,7)(5,6)]
[(1,10,9,8,7,6,5,4,3,2), (1,8,5,2,9,6,3,10,7,4), (1,6)(2,7)(3,8)(4,9)(5,10), (1,4,7,10,3,6,9,2,5,8), (1,2,3,4,5,6,7,8,9,10), (1,9,7,5,3)(2,10,8,6,4), (1,7,3,9,5)(2,8,4,10,6), (1,5,9,3,7)(2,6,10,4,8), (1,3,5,7,9)(2,4,6,8,10), (), (1,2)(3,10)(4,9)(5,8)(6,7), (1,10)(2,9)(3,8)(4,7)(5,6), (1,8)(2,7)(3,6)(4,5)(9,10), (1,6)(2,5)(3,4)(7,10)(8,9), (1,4)(2,3)(5,10)(6,9)(7,8), (2,10)(3,9)(4,8)(5,7), (1,9)(2,8)(3,7)(4,6), (1,7)(2,6)(3,5)(8,10), (1,5)(2,4)(6,10)(7,9), (1,3)(4,10)(5,9)(6,8)]
[(1,8,5,2,9,6,3,10,7,4), (1,6)(2,7)(3,8)(4,9)(5,10), (1,4,7,10,3,6,9,2,5,8), (1,2,3,4,5,6,7,8,9,10), (1,10,9,8,7,6,5,4,3,2), (1,7,3,9,5)(2,8,4,10,6), (1,5,9,3,7)(2,6,10,4,8), (1,3,5,7,9)(2,4,6,8,10), (), (1,9,7,5,3)(2,10,8,6,4), (1,4)(2,3)(5,10)(6,9)(7,8), (1,2)(3,10)(4,9)(5,8)(6,7), (1,10)(2,9)(3,8)(4,7)(5,6), (1,8)(2,7)(3,6)(4,5)(9,10), (1,6)(2,5)(3,4)(7,10)(8,9), (1,3)(4,10)(5,9)(6,8), (2,10)(3,9)(4,8)(5,7), (1,9)(2,8)(3,7)(4,6), (1,7)(2,6)(3,5)(8,10), (1,5)(2,4)(6,10)(7,9)]
[(1,6)(2,7)(3,8)(4,9)(5,10), (1,4,7,10,3,6,9,2,5,8), (1,2,3,4,5,6,7,8,9,10), (1,10,9,8,7,6,5,4,3,2), (1,8,5,2,9,6,3,10,7,4), (1,5,9,3,7)(2,6,10,4,8), (1,3,5,7,9)(2,4,6,8,10), (), (1,9,7,5,3)(2,10,8,6,4), (1,7,3,9,5)(2,8,4,10,6), (1,6)(2,5)(3,4)(7,10)(8,9), (1,4)(2,3)(5,10)(6,9)(7,8), (1,2)(3,10)(4,9)(5,8)(6,7), (1,10)(2,9)(3,8)(4,7)(5,6), (1,8)(2,7)(3,6)(4,5)(9,10), (1,5)(2,4)(6,10)(7,9), (1,3)(4,10)(5,9)(6,8), (2,10)(3,9)(4,8)(5,7), (1,9)(2,8)(3,7)(4,6), (1,7)(2,6)(3,5)(8,10)]
[(1,4,7,10,3,6,9,2,5,8), (1,2,3,4,5,6,7,8,9,10), (1,10,9,8,7,6,5,4,3,2), (1,8,5,2,9,6,3,10,7,4), (1,6)(2,7)(3,8)(4,9)(5,10), (1,3,5,7,9)(2,4,6,8,10), (), (1,9,7,5,3)(2,10,8,6,4), (1,7,3,9,5)(2,8,4,10,6), (1,5,9,3,7)(2,6,10,4,8), (1,8)(2,7)(3,6)(4,5)(9,10), (1,6)(2,5)(3,4)(7,10)(8,9), (1,4)(2,3)(5,10)(6,9)(7,8), (1,2)(3,10)(4,9)(5,8)(6,7), (1,10)(2,9)(3,8)(4,7)(5,6), (1,7)(2,6)(3,5)(8,10), (1,5)(2,4)(6,10)(7,9), (1,3)(4,10)(5,9)(6,8), (2,10)(3,9)(4,8)(5,7), (1,9)(2,8)(3,7)(4,6)]
[(1,2,3,4,5,6,7,8,9,10), (1,10,9,8,7,6,5,4,3,2), (1,8,5,2,9,6,3,10,7,4), (1,6)(2,7)(3,8)(4,9)(5,10), (1,4,7,10,3,6,9,2,5,8), (), (1,9,7,5,3)(2,10,8,6,4), (1,7,3,9,5)(2,8,4,10,6), (1,5,9,3,7)(2,6,10,4,8), (1,3,5,7,9)(2,4,6,8,10), (1,10)(2,9)(3,8)(4,7)(5,6), (1,8)(2,7)(3,6)(4,5)(9,10), (1,6)(2,5)(3,4)(7,10)(8,9), (1,4)(2,3)(5,10)(6,9)(7,8), (1,2)(3,10)(4,9)(5,8)(6,7), (1,9)(2,8)(3,7)(4,6), (1,7)(2,6)(3,5)(8,10), (1,5)(2,4)(6,10)(7,9), (1,3)(4,10)(5,9)(6,8), (2,10)(3,9)(4,8)(5,7)]
[(2,10)(3,9)(4,8)(5,7), (1,9)(2,8)(3,7)(4,6), (1,7)(2,6)(3,5)(8,10), (1,5)(2,4)(6,10)(7,9), (1,3)(4,10)(5,9)(6,8), (1,10)(2,9)(3,8)(4,7)(5,6), (1,8)(2,7)(3,6)(4,5)(9,10), (1,6)(2,5)(3,4)(7,10)(8,9), (1,4)(2,3)(5,10)(6,9)(7,8), (1,2)(3,10)(4,9)(5,8)(6,7), (), (1,9,7,5,3)(2,10,8,6,4), (1,7,3,9,5)(2,8,4,10,6), (1,5,9,3,7)(2,6,10,4,8), (1,3,5,7,9)(2,4,6,8,10), (1,10,9,8,7,6,5,4,3,2), (1,8,5,2,9,6,3,10,7,4), (1,6)(2,7)(3,8)(4,9)(5,10), (1,4,7,10,3,6,9,2,5,8), (1,2,3,4,5,6,7,8,9,10)]
[(1,9)(2,8)(3,7)(4,6), (1,7)(2,6)(3,5)(8,10), (1,5)(2,4)(6,10)(7,9), (1,3)(4,10)(5,9)(6,8), (2,10)(3,9)(4,8)(5,7), (1,8)(2,7)(3,6)(4,5)(9,10), (1,6)(2,5)(3,4)(7,10)(8,9), (1,4)(2,3)(5,10)(6,9)(7,8), (1,2)(3,10)(4,9)(5,8)(6,7), (1,10)(2,9)(3,8)(4,7)(5,6), (1,3,5,7,9)(2,4,6,8,10), (), (1,9,7,5,3)(2,10,8,6,4), (1,7,3,9,5)(2,8,4,10,6), (1,5,9,3,7)(2,6,10,4,8), (1,2,3,4,5,6,7,8,9,10), (1,10,9,8,7,6,5,4,3,2), (1,8,5,2,9,6,3,10,7,4), (1,6)(2,7)(3,8)(4,9)(5,10), (1,4,7,10,3,6,9,2,5,8)]
[(1,7)(2,6)(3,5)(8,10), (1,5)(2,4)(6,10)(7,9), (1,3)(4,10)(5,9)(6,8), (2,10)(3,9)(4,8)(5,7), (1,9)(2,8)(3,7)(4,6), (1,6)(2,5)(3,4)(7,10)(8,9), (1,4)(2,3)(5,10)(6,9)(7,8), (1,2)(3,10)(4,9)(5,8)(6,7), (1,10)(2,9)(3,8)(4,7)(5,6), (1,8)(2,7)(3,6)(4,5)(9,10), (1,5,9,3,7)(2,6,10,4,8), (1,3,5,7,9)(2,4,6,8,10), (), (1,9,7,5,3)(2,10,8,6,4), (1,7,3,9,5)(2,8,4,10,6), (1,4,7,10,3,6,9,2,5,8), (1,2,3,4,5,6,7,8,9,10), (1,10,9,8,7,6,5,4,3,2), (1,8,5,2,9,6,3,10,7,4), (1,6)(2,7)(3,8)(4,9)(5,10)]
[(1,5)(2,4)(6,10)(7,9), (1,3)(4,10)(5,9)(6,8), (2,10)(3,9)(4,8)(5,7), (1,9)(2,8)(3,7)(4,6), (1,7)(2,6)(3,5)(8,10), (1,4)(2,3)(5,10)(6,9)(7,8), (1,2)(3,10)(4,9)(5,8)(6,7), (1,10)(2,9)(3,8)(4,7)(5,6), (1,8)(2,7)(3,6)(4,5)(9,10), (1,6)(2,5)(3,4)(7,10)(8,9), (1,7,3,9,5)(2,8,4,10,6), (1,5,9,3,7)(2,6,10,4,8), (1,3,5,7,9)(2,4,6,8,10), (), (1,9,7,5,3)(2,10,8,6,4), (1,6)(2,7)(3,8)(4,9)(5,10), (1,4,7,10,3,6,9,2,5,8), (1,2,3,4,5,6,7,8,9,10), (1,10,9,8,7,6,5,4,3,2), (1,8,5,2,9,6,3,10,7,4)]
[(1,3)(4,10)(5,9)(6,8), (2,10)(3,9)(4,8)(5,7), (1,9)(2,8)(3,7)(4,6), (1,7)(2,6)(3,5)(8,10), (1,5)(2,4)(6,10)(7,9), (1,2)(3,10)(4,9)(5,8)(6,7), (1,10)(2,9)(3,8)(4,7)(5,6), (1,8)(2,7)(3,6)(4,5)(9,10), (1,6)(2,5)(3,4)(7,10)(8,9), (1,4)(2,3)(5,10)(6,9)(7,8), (1,9,7,5,3)(2,10,8,6,4), (1,7,3,9,5)(2,8,4,10,6), (1,5,9,3,7)(2,6,10,4,8), (1,3,5,7,9)(2,4,6,8,10), (), (1,8,5,2,9,6,3,10,7,4), (1,6)(2,7)(3,8)(4,9)(5,10), (1,4,7,10,3,6,9,2,5,8), (1,2,3,4,5,6,7,8,9,10), (1,10,9,8,7,6,5,4,3,2)]
[(1,10)(2,9)(3,8)(4,7)(5,6), (1,8)(2,7)(3,6)(4,5)(9,10), (1,6)(2,5)(3,4)(7,10)(8,9), (1,4)(2,3)(5,10)(6,9)(7,8), (1,2)(3,10)(4,9)(5,8)(6,7), (1,9)(2,8)(3,7)(4,6), (1,7)(2,6)(3,5)(8,10), (1,5)(2,4)(6,10)(7,9), (1,3)(4,10)(5,9)(6,8), (2,10)(3,9)(4,8)(5,7), (1,2,3,4,5,6,7,8,9,10), (1,10,9,8,7,6,5,4,3,2), (1,8,5,2,9,6,3,10,7,4), (1,6)(2,7)(3,8)(4,9)(5,10), (1,4,7,10,3,6,9,2,5,8), (), (1,9,7,5,3)(2,10,8,6,4), (1,7,3,9,5)(2,8,4,10,6), (1,5,9,3,7)(2,6,10,4,8), (1,3,5,7,9)(2,4,6,8,10)]
[(1,8)(2,7)(3,6)(4,5)(9,10), (1,6)(2,5)(3,4)(7,10)(8,9), (1,4)(2,3)(5,10)(6,9)(7,8), (1,2)(3,10)(4,9)(5,8)(6,7), (1,10)(2,9)(3,8)(4,7)(5,6), (1,7)(2,6)(3,5)(8,10), (1,5)(2,4)(6,10)(7,9), (1,3)(4,10)(5,9)(6,8), (2,10)(3,9)(4,8)(5,7), (1,9)(2,8)(3,7)(4,6), (1,4,7,10,3,6,9,2,5,8), (1,2,3,4,5,6,7,8,9,10), (1,10,9,8,7,6,5,4,3,2), (1,8,5,2,9,6,3,10,7,4), (1,6)(2,7)(3,8)(4,9)(5,10), (1,3,5,7,9)(2,4,6,8,10), (), (1,9,7,5,3)(2,10,8,6,4), (1,7,3,9,5)(2,8,4,10,6), (1,5,9,3,7)(2,6,10,4,8)]
[(1,6)(2,5)(3,4)(7,10)(8,9), (1,4)(2,3)(5,10)(6,9)(7,8), (1,2)(3,10)(4,9)(5,8)(6,7), (1,10)(2,9)(3,8)(4,7)(5,6), (1,8)(2,7)(3,6)(4,5)(9,10), (1,5)(2,4)(6,10)(7,9), (1,3)(4,10)(5,9)(6,8), (2,10)(3,9)(4,8)(5,7), (1,9)(2,8)(3,7)(4,6), (1,7)(2,6)(3,5)(8,10), (1,6)(2,7)(3,8)(4,9)(5,10), (1,4,7,10,3,6,9,2,5,8), (1,2,3,4,5,6,7,8,9,10), (1,10,9,8,7,6,5,4,3,2), (1,8,5,2,9,6,3,10,7,4), (1,5,9,3,7)(2,6,10,4,8), (1,3,5,7,9)(2,4,6,8,10), (), (1,9,7,5,3)(2,10,8,6,4), (1,7,3,9,5)(2,8,4,10,6)]
[(1,4)(2,3)(5,10)(6,9)(7,8), (1,2)(3,10)(4,9)(5,8)(6,7), (1,10)(2,9)(3,8)(4,7)(5,6), (1,8)(2,7)(3,6)(4,5)(9,10), (1,6)(2,5)(3,4)(7,10)(8,9), (1,3)(4,10)(5,9)(6,8), (2,10)(3,9)(4,8)(5,7), (1,9)(2,8)(3,7)(4,6), (1,7)(2,6)(3,5)(8,10), (1,5)(2,4)(6,10)(7,9), (1,8,5,2,9,6,3,10,7,4), (1,6)(2,7)(3,8)(4,9)(5,10), (1,4,7,10,3,6,9,2,5,8), (1,2,3,4,5,6,7,8,9,10), (1,10,9,8,7,6,5,4,3,2), (1,7,3,9,5)(2,8,4,10,6), (1,5,9,3,7)(2,6,10,4,8), (1,3,5,7,9)(2,4,6,8,10), (), (1,9,7,5,3)(2,10,8,6,4)]
[(1,2)(3,10)(4,9)(5,8)(6,7), (1,10)(2,9)(3,8)(4,7)(5,6), (1,8)(2,7)(3,6)(4,5)(9,10), (1,6)(2,5)(3,4)(7,10)(8,9), (1,4)(2,3)(5,10)(6,9)(7,8), (2,10)(3,9)(4,8)(5,7), (1,9)(2,8)(3,7)(4,6), (1,7)(2,6)(3,5)(8,10), (1,5)(2,4)(6,10)(7,9), (1,3)(4,10)(5,9)(6,8), (1,10,9,8,7,6,5,4,3,2), (1,8,5,2,9,6,3,10,7,4), (1,6)(2,7)(3,8)(4,9)(5,10), (1,4,7,10,3,6,9,2,5,8), (1,2,3,4,5,6,7,8,9,10), (1,9,7,5,3)(2,10,8,6,4), (1,7,3,9,5)(2,8,4,10,6), (1,5,9,3,7)(2,6,10,4,8), (1,3,5,7,9)(2,4,6,8,10), ()]

Група: A5
Порядок: 60
Абелева: False
Таблиця Келі:
[(), (1,5,4,3,2), (1,4,2,5,3), (1,3,5,2,4), (1,2,3,4,5), (2,3,4), (1,5,4), (1,4,5,3,2), (1,3)(2,5), (1,2,4,3,5), (2,5,4), (1,5,3,2,4), (1,4,5,2,3), (1,3,5), (1,2)(3,4), (2,4,3), (1,5,4,2,3), (1,4)(3,5), (1,3,4,5,2), (1,2,5), (3,5,4), (1,5,3,4,2), (1,4)(2,5), (1,3,2,4,5), (1,2,3), (2,3,5), (1,5)(3,4), (1,4,2), (1,3,2,5,4), (1,2,4,5,3), (2,5)(3,4), (1,5)(2,4), (1,4)(2,3), (1,3)(4,5), (1,2)(3,5), (2,4)(3,5), (1,5,2,3,4), (1,4,5), (1,3,2), (1,2,5,4,3), (3,4,5), (1,5,2), (1,4,3,2,5), (1,3)(2,4), (1,2,3,5,4), (2,3)(4,5), (1,5,3), (1,4,3,5,2), (1,3,4,2,5), (1,2,4), (2,5,3), (1,5,2,4,3), (1,4,2,3,5), (1,3,4), (1,2)(4,5), (2,4,5), (1,5)(2,3), (1,4,3), (1,3,5,4,2), (1,2,5,3,4)]
[(1,5,4,3,2), (1,4,2,5,3), (1,3,5,2,4), (1,2,3,4,5), (), (1,5,2), (1,4,3,2,5), (1,3)(2,4), (1,2,3,5,4), (3,4,5), (1,4,3,5,2), (1,3,4,2,5), (1,2,4), (2,3)(4,5), (1,5,3), (1,5,3,4,2), (1,4)(2,5), (1,3,2,4,5), (1,2,3), (3,5,4), (1,4,5,3,2), (1,3)(2,5), (1,2,4,3,5), (2,3,4), (1,5,4), (1,2)(4,5), (2,5,3), (1,5,2,4,3), (1,4,2,3,5), (1,3,4), (1,2)(3,5), (2,5)(3,4), (1,5)(2,4), (1,4)(2,3), (1,3)(4,5), (1,3,4,5,2), (1,2,5), (2,4,3), (1,5,4,2,3), (1,4)(3,5), (1,3,2), (1,2,5,4,3), (2,4)(3,5), (1,5,2,3,4), (1,4,5), (1,4,2), (1,3,2,5,4), (1,2,4,5,3), (2,3,5), (1,5)(3,4), (1,3,5,4,2), (1,2,5,3,4), (2,4,5), (1,5)(2,3), (1,4,3), (1,2)(3,4), (2,5,4), (1,5,3,2,4), (1,4,5,2,3), (1,3,5)]
[(1,4,2,5,3), (1,3,5,2,4), (1,2,3,4,5), (), (1,5,4,3,2), (1,2,5,4,3), (2,4)(3,5), (1,5,2,3,4), (1,4,5), (1,3,2), (1,2,4,5,3), (2,3,5), (1,5)(3,4), (1,4,2), (1,3,2,5,4), (1,3)(2,5), (1,2,4,3,5), (2,3,4), (1,5,4), (1,4,5,3,2), (1,3)(2,4), (1,2,3,5,4), (3,4,5), (1,5,2), (1,4,3,2,5), (1,4,3), (1,3,5,4,2), (1,2,5,3,4), (2,4,5), (1,5)(2,3), (1,3)(4,5), (1,2)(3,5), (2,5)(3,4), (1,5)(2,4), (1,4)(2,3), (1,2,3), (3,5,4), (1,5,3,4,2), (1,4)(2,5), (1,3,2,4,5), (1,5,4,2,3), (1,4)(3,5), (1,3,4,5,2), (1,2,5), (2,4,3), (1,5,2,4,3), (1,4,2,3,5), (1,3,4), (1,2)(4,5), (2,5,3), (1,4,5,2,3), (1,3,5), (1,2)(3,4), (2,5,4), (1,5,3,2,4), (1,5,3), (1,4,3,5,2), (1,3,4,2,5), (1,2,4), (2,3)(4,5)]
[(1,3,5,2,4), (1,2,3,4,5), (), (1,5,4,3,2), (1,4,2,5,3), (1,4)(3,5), (1,3,4,5,2), (1,2,5), (2,4,3), (1,5,4,2,3), (1,3,4), (1,2)(4,5), (2,5,3), (1,5,2,4,3), (1,4,2,3,5), (1,2,3,5,4), (3,4,5), (1,5,2), (1,4,3,2,5), (1,3)(2,4), (1,5,2,3,4), (1,4,5), (1,3,2), (1,2,5,4,3), (2,4)(3,5), (1,5,3,2,4), (1,4,5,2,3), (1,3,5), (1,2)(3,4), (2,5,4), (1,4)(2,3), (1,3)(4,5), (1,2)(3,5), (2,5)(3,4), (1,5)(2,4), (1,5,4), (1,4,5,3,2), (1,3)(2,5), (1,2,4,3,5), (2,3,4), (1,4)(2,5), (1,3,2,4,5), (1,2,3), (3,5,4), (1,5,3,4,2), (1,2,5,3,4), (2,4,5), (1,5)(2,3), (1,4,3), (1,3,5,4,2), (1,2,4), (2,3)(4,5), (1,5,3), (1,4,3,5,2), (1,3,4,2,5), (1,3,2,5,4), (1,2,4,5,3), (2,3,5), (1,5)(3,4), (1,4,2)]
[(1,2,3,4,5), (), (1,5,4,3,2), (1,4,2,5,3), (1,3,5,2,4), (1,3,2,4,5), (1,2,3), (3,5,4), (1,5,3,4,2), (1,4)(2,5), (1,5)(2,3), (1,4,3), (1,3,5,4,2), (1,2,5,3,4), (2,4,5), (1,4,5), (1,3,2), (1,2,5,4,3), (2,4)(3,5), (1,5,2,3,4), (1,2,5), (2,4,3), (1,5,4,2,3), (1,4)(3,5), (1,3,4,5,2), (1,3,4,2,5), (1,2,4), (2,3)(4,5), (1,5,3), (1,4,3,5,2), (1,5)(2,4), (1,4)(2,3), (1,3)(4,5), (1,2)(3,5), (2,5)(3,4), (1,4,3,2,5), (1,3)(2,4), (1,2,3,5,4), (3,4,5), (1,5,2), (1,2,4,3,5), (2,3,4), (1,5,4), (1,4,5,3,2), (1,3)(2,5), (1,3,5), (1,2)(3,4), (2,5,4), (1,5,3,2,4), (1,4,5,2,3), (1,5)(3,4), (1,4,2), (1,3,2,5,4), (1,2,4,5,3), (2,3,5), (1,4,2,3,5), (1,3,4), (1,2)(4,5), (2,5,3), (1,5,2,4,3)]
[(2,3,4), (1,5,4), (1,4,5,3,2), (1,3)(2,5), (1,2,4,3,5), (2,4,3), (1,5,4,2,3), (1,4)(3,5), (1,3,4,5,2), (1,2,5), (2,3)(4,5), (1,5,3), (1,4,3,5,2), (1,3,4,2,5), (1,2,4), (), (1,5,4,3,2), (1,4,2,5,3), (1,3,5,2,4), (1,2,3,4,5), (2,5,4), (1,5,3,2,4), (1,4,5,2,3), (1,3,5), (1,2)(3,4), (2,5)(3,4), (1,5)(2,4), (1,4)(2,3), (1,3)(4,5), (1,2)(3,5), (2,4,5), (1,5)(2,3), (1,4,3), (1,3,5,4,2), (1,2,5,3,4), (2,5,3), (1,5,2,4,3), (1,4,2,3,5), (1,3,4), (1,2)(4,5), (2,4)(3,5), (1,5,2,3,4), (1,4,5), (1,3,2), (1,2,5,4,3), (3,5,4), (1,5,3,4,2), (1,4)(2,5), (1,3,2,4,5), (1,2,3), (3,4,5), (1,5,2), (1,4,3,2,5), (1,3)(2,4), (1,2,3,5,4), (2,3,5), (1,5)(3,4), (1,4,2), (1,3,2,5,4), (1,2,4,5,3)]
[(1,5,4), (1,4,5,3,2), (1,3)(2,5), (1,2,4,3,5), (2,3,4), (1,5,2,3,4), (1,4,5), (1,3,2), (1,2,5,4,3), (2,4)(3,5), (1,4)(2,5), (1,3,2,4,5), (1,2,3), (3,5,4), (1,5,3,4,2), (1,5,3,2,4), (1,4,5,2,3), (1,3,5), (1,2)(3,4), (2,5,4), (1,4)(3,5), (1,3,4,5,2), (1,2,5), (2,4,3), (1,5,4,2,3), (1,2,3,5,4), (3,4,5), (1,5,2), (1,4,3,2,5), (1,3)(2,4), (1,2,5,3,4), (2,4,5), (1,5)(2,3), (1,4,3), (1,3,5,4,2), (1,3,5,2,4), (1,2,3,4,5), (), (1,5,4,3,2), (1,4,2,5,3), (1,3,4), (1,2)(4,5), (2,5,3), (1,5,2,4,3), (1,4,2,3,5), (1,4)(2,3), (1,3)(4,5), (1,2)(3,5), (2,5)(3,4), (1,5)(2,4), (1,3,2,5,4), (1,2,4,5,3), (2,3,5), (1,5)(3,4), (1,4,2), (1,2,4), (2,3)(4,5), (1,5,3), (1,4,3,5,2), (1,3,4,2,5)]
[(1,4,5,3,2), (1,3)(2,5), (1,2,4,3,5), (2,3,4), (1,5,4), (1,2)(4,5), (2,5,3), (1,5,2,4,3), (1,4,2,3,5), (1,3,4), (1,2)(3,5), (2,5)(3,4), (1,5)(2,4), (1,4)(2,3), (1,3)(4,5), (1,3,4,5,2), (1,2,5), (2,4,3), (1,5,4,2,3), (1,4)(3,5), (1,3,2), (1,2,5,4,3), (2,4)(3,5), (1,5,2,3,4), (1,4,5), (1,4,2), (1,3,2,5,4), (1,2,4,5,3), (2,3,5), (1,5)(3,4), (1,3,5,4,2), (1,2,5,3,4), (2,4,5), (1,5)(2,3), (1,4,3), (1,2)(3,4), (2,5,4), (1,5,3,2,4), (1,4,5,2,3), (1,3,5), (1,5,4,3,2), (1,4,2,5,3), (1,3,5,2,4), (1,2,3,4,5), (), (1,5,2), (1,4,3,2,5), (1,3)(2,4), (1,2,3,5,4), (3,4,5), (1,4,3,5,2), (1,3,4,2,5), (1,2,4), (2,3)(4,5), (1,5,3), (1,5,3,4,2), (1,4)(2,5), (1,3,2,4,5), (1,2,3), (3,5,4)]
[(1,3)(2,5), (1,2,4,3,5), (2,3,4), (1,5,4), (1,4,5,3,2), (1,4,2,5,3), (1,3,5,2,4), (1,2,3,4,5), (), (1,5,4,3,2), (1,3)(2,4), (1,2,3,5,4), (3,4,5), (1,5,2), (1,4,3,2,5), (1,2,5,4,3), (2,4)(3,5), (1,5,2,3,4), (1,4,5), (1,3,2), (1,5,2,4,3), (1,4,2,3,5), (1,3,4), (1,2)(4,5), (2,5,3), (1,5,3), (1,4,3,5,2), (1,3,4,2,5), (1,2,4), (2,3)(4,5), (1,4,3), (1,3,5,4,2), (1,2,5,3,4), (2,4,5), (1,5)(2,3), (1,5,4,2,3), (1,4)(3,5), (1,3,4,5,2), (1,2,5), (2,4,3), (1,4,5,2,3), (1,3,5), (1,2)(3,4), (2,5,4), (1,5,3,2,4), (1,2,4,5,3), (2,3,5), (1,5)(3,4), (1,4,2), (1,3,2,5,4), (1,2,3), (3,5,4), (1,5,3,4,2), (1,4)(2,5), (1,3,2,4,5), (1,3)(4,5), (1,2)(3,5), (2,5)(3,4), (1,5)(2,4), (1,4)(2,3)]
[(1,2,4,3,5), (2,3,4), (1,5,4), (1,4,5,3,2), (1,3)(2,5), (1,3,5), (1,2)(3,4), (2,5,4), (1,5,3,2,4), (1,4,5,2,3), (1,5)(3,4), (1,4,2), (1,3,2,5,4), (1,2,4,5,3), (2,3,5), (1,4,2,3,5), (1,3,4), (1,2)(4,5), (2,5,3), (1,5,2,4,3), (1,2,3,4,5), (), (1,5,4,3,2), (1,4,2,5,3), (1,3,5,2,4), (1,3,2,4,5), (1,2,3), (3,5,4), (1,5,3,4,2), (1,4)(2,5), (1,5)(2,3), (1,4,3), (1,3,5,4,2), (1,2,5,3,4), (2,4,5), (1,4,5), (1,3,2), (1,2,5,4,3), (2,4)(3,5), (1,5,2,3,4), (1,2,5), (2,4,3), (1,5,4,2,3), (1,4)(3,5), (1,3,4,5,2), (1,3,4,2,5), (1,2,4), (2,3)(4,5), (1,5,3), (1,4,3,5,2), (1,5)(2,4), (1,4)(2,3), (1,3)(4,5), (1,2)(3,5), (2,5)(3,4), (1,4,3,2,5), (1,3)(2,4), (1,2,3,5,4), (3,4,5), (1,5,2)]
[(2,5,4), (1,5,3,2,4), (1,4,5,2,3), (1,3,5), (1,2)(3,4), (2,5)(3,4), (1,5)(2,4), (1,4)(2,3), (1,3)(4,5), (1,2)(3,5), (2,4,5), (1,5)(2,3), (1,4,3), (1,3,5,4,2), (1,2,5,3,4), (2,5,3), (1,5,2,4,3), (1,4,2,3,5), (1,3,4), (1,2)(4,5), (2,4)(3,5), (1,5,2,3,4), (1,4,5), (1,3,2), (1,2,5,4,3), (3,5,4), (1,5,3,4,2), (1,4)(2,5), (1,3,2,4,5), (1,2,3), (3,4,5), (1,5,2), (1,4,3,2,5), (1,3)(2,4), (1,2,3,5,4), (2,3,5), (1,5)(3,4), (1,4,2), (1,3,2,5,4), (1,2,4,5,3), (2,3,4), (1,5,4), (1,4,5,3,2), (1,3)(2,5), (1,2,4,3,5), (2,4,3), (1,5,4,2,3), (1,4)(3,5), (1,3,4,5,2), (1,2,5), (2,3)(4,5), (1,5,3), (1,4,3,5,2), (1,3,4,2,5), (1,2,4), (), (1,5,4,3,2), (1,4,2,5,3), (1,3,5,2,4), (1,2,3,4,5)]
[(1,5,3,2,4), (1,4,5,2,3), (1,3,5), (1,2)(3,4), (2,5,4), (1,5,4), (1,4,5,3,2), (1,3)(2,5), (1,2,4,3,5), (2,3,4), (1,4)(3,5), (1,3,4,5,2), (1,2,5), (2,4,3), (1,5,4,2,3), (1,5,2,3,4), (1,4,5), (1,3,2), (1,2,5,4,3), (2,4)(3,5), (1,4)(2,3), (1,3)(4,5), (1,2)(3,5), (2,5)(3,4), (1,5)(2,4), (1,2,4), (2,3)(4,5), (1,5,3), (1,4,3,5,2), (1,3,4,2,5), (1,2,3,5,4), (3,4,5), (1,5,2), (1,4,3,2,5), (1,3)(2,4), (1,3,4), (1,2)(4,5), (2,5,3), (1,5,2,4,3), (1,4,2,3,5), (1,3,2,5,4), (1,2,4,5,3), (2,3,5), (1,5)(3,4), (1,4,2), (1,4)(2,5), (1,3,2,4,5), (1,2,3), (3,5,4), (1,5,3,4,2), (1,3,5,2,4), (1,2,3,4,5), (), (1,5,4,3,2), (1,4,2,5,3), (1,2,5,3,4), (2,4,5), (1,5)(2,3), (1,4,3), (1,3,5,4,2)]
[(1,4,5,2,3), (1,3,5), (1,2)(3,4), (2,5,4), (1,5,3,2,4), (1,2,4,5,3), (2,3,5), (1,5)(3,4), (1,4,2), (1,3,2,5,4), (1,2,3), (3,5,4), (1,5,3,4,2), (1,4)(2,5), (1,3,2,4,5), (1,3)(4,5), (1,2)(3,5), (2,5)(3,4), (1,5)(2,4), (1,4)(2,3), (1,3)(2,5), (1,2,4,3,5), (2,3,4), (1,5,4), (1,4,5,3,2), (1,4,2,5,3), (1,3,5,2,4), (1,2,3,4,5), (), (1,5,4,3,2), (1,3)(2,4), (1,2,3,5,4), (3,4,5), (1,5,2), (1,4,3,2,5), (1,2,5,4,3), (2,4)(3,5), (1,5,2,3,4), (1,4,5), (1,3,2), (1,5,2,4,3), (1,4,2,3,5), (1,3,4), (1,2)(4,5), (2,5,3), (1,5,3), (1,4,3,5,2), (1,3,4,2,5), (1,2,4), (2,3)(4,5), (1,4,3), (1,3,5,4,2), (1,2,5,3,4), (2,4,5), (1,5)(2,3), (1,5,4,2,3), (1,4)(3,5), (1,3,4,5,2), (1,2,5), (2,4,3)]
[(1,3,5), (1,2)(3,4), (2,5,4), (1,5,3,2,4), (1,4,5,2,3), (1,4,2,3,5), (1,3,4), (1,2)(4,5), (2,5,3), (1,5,2,4,3), (1,3,4,2,5), (1,2,4), (2,3)(4,5), (1,5,3), (1,4,3,5,2), (1,2,4,3,5), (2,3,4), (1,5,4), (1,4,5,3,2), (1,3)(2,5), (1,5)(3,4), (1,4,2), (1,3,2,5,4), (1,2,4,5,3), (2,3,5), (1,5)(2,3), (1,4,3), (1,3,5,4,2), (1,2,5,3,4), (2,4,5), (1,4,3,2,5), (1,3)(2,4), (1,2,3,5,4), (3,4,5), (1,5,2), (1,5)(2,4), (1,4)(2,3), (1,3)(4,5), (1,2)(3,5), (2,5)(3,4), (1,4,5), (1,3,2), (1,2,5,4,3), (2,4)(3,5), (1,5,2,3,4), (1,2,3,4,5), (), (1,5,4,3,2), (1,4,2,5,3), (1,3,5,2,4), (1,2,5), (2,4,3), (1,5,4,2,3), (1,4)(3,5), (1,3,4,5,2), (1,3,2,4,5), (1,2,3), (3,5,4), (1,5,3,4,2), (1,4)(2,5)]
[(1,2)(3,4), (2,5,4), (1,5,3,2,4), (1,4,5,2,3), (1,3,5), (1,3,2), (1,2,5,4,3), (2,4)(3,5), (1,5,2,3,4), (1,4,5), (1,5,4,3,2), (1,4,2,5,3), (1,3,5,2,4), (1,2,3,4,5), (), (1,4,2), (1,3,2,5,4), (1,2,4,5,3), (2,3,5), (1,5)(3,4), (1,2)(4,5), (2,5,3), (1,5,2,4,3), (1,4,2,3,5), (1,3,4), (1,3,4,5,2), (1,2,5), (2,4,3), (1,5,4,2,3), (1,4)(3,5), (1,5,2), (1,4,3,2,5), (1,3)(2,4), (1,2,3,5,4), (3,4,5), (1,4,5,3,2), (1,3)(2,5), (1,2,4,3,5), (2,3,4), (1,5,4), (1,2)(3,5), (2,5)(3,4), (1,5)(2,4), (1,4)(2,3), (1,3)(4,5), (1,3,5,4,2), (1,2,5,3,4), (2,4,5), (1,5)(2,3), (1,4,3), (1,5,3,4,2), (1,4)(2,5), (1,3,2,4,5), (1,2,3), (3,5,4), (1,4,3,5,2), (1,3,4,2,5), (1,2,4), (2,3)(4,5), (1,5,3)]
[(2,4,3), (1,5,4,2,3), (1,4)(3,5), (1,3,4,5,2), (1,2,5), (), (1,5,4,3,2), (1,4,2,5,3), (1,3,5,2,4), (1,2,3,4,5), (3,5,4), (1,5,3,4,2), (1,4)(2,5), (1,3,2,4,5), (1,2,3), (2,3,4), (1,5,4), (1,4,5,3,2), (1,3)(2,5), (1,2,4,3,5), (2,3)(4,5), (1,5,3), (1,4,3,5,2), (1,3,4,2,5), (1,2,4), (2,4,5), (1,5)(2,3), (1,4,3), (1,3,5,4,2), (1,2,5,3,4), (2,3,5), (1,5)(3,4), (1,4,2), (1,3,2,5,4), (1,2,4,5,3), (3,4,5), (1,5,2), (1,4,3,2,5), (1,3)(2,4), (1,2,3,5,4), (2,5,3), (1,5,2,4,3), (1,4,2,3,5), (1,3,4), (1,2)(4,5), (2,5,4), (1,5,3,2,4), (1,4,5,2,3), (1,3,5), (1,2)(3,4), (2,4)(3,5), (1,5,2,3,4), (1,4,5), (1,3,2), (1,2,5,4,3), (2,5)(3,4), (1,5)(2,4), (1,4)(2,3), (1,3)(4,5), (1,2)(3,5)]
[(1,5,4,2,3), (1,4)(3,5), (1,3,4,5,2), (1,2,5), (2,4,3), (1,5,2,4,3), (1,4,2,3,5), (1,3,4), (1,2)(4,5), (2,5,3), (1,4,5,2,3), (1,3,5), (1,2)(3,4), (2,5,4), (1,5,3,2,4), (1,5,3), (1,4,3,5,2), (1,3,4,2,5), (1,2,4), (2,3)(4,5), (1,4,2,5,3), (1,3,5,2,4), (1,2,3,4,5), (), (1,5,4,3,2), (1,2,5,4,3), (2,4)(3,5), (1,5,2,3,4), (1,4,5), (1,3,2), (1,2,4,5,3), (2,3,5), (1,5)(3,4), (1,4,2), (1,3,2,5,4), (1,3)(2,5), (1,2,4,3,5), (2,3,4), (1,5,4), (1,4,5,3,2), (1,3)(2,4), (1,2,3,5,4), (3,4,5), (1,5,2), (1,4,3,2,5), (1,4,3), (1,3,5,4,2), (1,2,5,3,4), (2,4,5), (1,5)(2,3), (1,3)(4,5), (1,2)(3,5), (2,5)(3,4), (1,5)(2,4), (1,4)(2,3), (1,2,3), (3,5,4), (1,5,3,4,2), (1,4)(2,5), (1,3,2,4,5)]
[(1,4)(3,5), (1,3,4,5,2), (1,2,5), (2,4,3), (1,5,4,2,3), (1,2,3,5,4), (3,4,5), (1,5,2), (1,4,3,2,5), (1,3)(2,4), (1,2,5,3,4), (2,4,5), (1,5)(2,3), (1,4,3), (1,3,5,4,2), (1,3,5,2,4), (1,2,3,4,5), (), (1,5,4,3,2), (1,4,2,5,3), (1,3,4), (1,2)(4,5), (2,5,3), (1,5,2,4,3), (1,4,2,3,5), (1,4)(2,3), (1,3)(4,5), (1,2)(3,5), (2,5)(3,4), (1,5)(2,4), (1,3,2,5,4), (1,2,4,5,3), (2,3,5), (1,5)(3,4), (1,4,2), (1,2,4), (2,3)(4,5), (1,5,3), (1,4,3,5,2), (1,3,4,2,5), (1,5,4), (1,4,5,3,2), (1,3)(2,5), (1,2,4,3,5), (2,3,4), (1,5,2,3,4), (1,4,5), (1,3,2), (1,2,5,4,3), (2,4)(3,5), (1,4)(2,5), (1,3,2,4,5), (1,2,3), (3,5,4), (1,5,3,4,2), (1,5,3,2,4), (1,4,5,2,3), (1,3,5), (1,2)(3,4), (2,5,4)]
[(1,3,4,5,2), (1,2,5), (2,4,3), (1,5,4,2,3), (1,4)(3,5), (1,4,5,3,2), (1,3)(2,5), (1,2,4,3,5), (2,3,4), (1,5,4), (1,3,2), (1,2,5,4,3), (2,4)(3,5), (1,5,2,3,4), (1,4,5), (1,2)(4,5), (2,5,3), (1,5,2,4,3), (1,4,2,3,5), (1,3,4), (1,5,2), (1,4,3,2,5), (1,3)(2,4), (1,2,3,5,4), (3,4,5), (1,5,3,4,2), (1,4)(2,5), (1,3,2,4,5), (1,2,3), (3,5,4), (1,4,2), (1,3,2,5,4), (1,2,4,5,3), (2,3,5), (1,5)(3,4), (1,5,4,3,2), (1,4,2,5,3), (1,3,5,2,4), (1,2,3,4,5), (), (1,4,3,5,2), (1,3,4,2,5), (1,2,4), (2,3)(4,5), (1,5,3), (1,2)(3,5), (2,5)(3,4), (1,5)(2,4), (1,4)(2,3), (1,3)(4,5), (1,2)(3,4), (2,5,4), (1,5,3,2,4), (1,4,5,2,3), (1,3,5), (1,3,5,4,2), (1,2,5,3,4), (2,4,5), (1,5)(2,3), (1,4,3)]
[(1,2,5), (2,4,3), (1,5,4,2,3), (1,4)(3,5), (1,3,4,5,2), (1,3,4,2,5), (1,2,4), (2,3)(4,5), (1,5,3), (1,4,3,5,2), (1,5)(2,4), (1,4)(2,3), (1,3)(4,5), (1,2)(3,5), (2,5)(3,4), (1,4,3,2,5), (1,3)(2,4), (1,2,3,5,4), (3,4,5), (1,5,2), (1,2,4,3,5), (2,3,4), (1,5,4), (1,4,5,3,2), (1,3)(2,5), (1,3,5), (1,2)(3,4), (2,5,4), (1,5,3,2,4), (1,4,5,2,3), (1,5)(3,4), (1,4,2), (1,3,2,5,4), (1,2,4,5,3), (2,3,5), (1,4,2,3,5), (1,3,4), (1,2)(4,5), (2,5,3), (1,5,2,4,3), (1,2,3,4,5), (), (1,5,4,3,2), (1,4,2,5,3), (1,3,5,2,4), (1,3,2,4,5), (1,2,3), (3,5,4), (1,5,3,4,2), (1,4)(2,5), (1,5)(2,3), (1,4,3), (1,3,5,4,2), (1,2,5,3,4), (2,4,5), (1,4,5), (1,3,2), (1,2,5,4,3), (2,4)(3,5), (1,5,2,3,4)]
[(3,5,4), (1,5,3,4,2), (1,4)(2,5), (1,3,2,4,5), (1,2,3), (2,3,5), (1,5)(3,4), (1,4,2), (1,3,2,5,4), (1,2,4,5,3), (2,5)(3,4), (1,5)(2,4), (1,4)(2,3), (1,3)(4,5), (1,2)(3,5), (2,4)(3,5), (1,5,2,3,4), (1,4,5), (1,3,2), (1,2,5,4,3), (3,4,5), (1,5,2), (1,4,3,2,5), (1,3)(2,4), (1,2,3,5,4), (2,3)(4,5), (1,5,3), (1,4,3,5,2), (1,3,4,2,5), (1,2,4), (2,5,3), (1,5,2,4,3), (1,4,2,3,5), (1,3,4), (1,2)(4,5), (2,4,5), (1,5)(2,3), (1,4,3), (1,3,5,4,2), (1,2,5,3,4), (), (1,5,4,3,2), (1,4,2,5,3), (1,3,5,2,4), (1,2,3,4,5), (2,3,4), (1,5,4), (1,4,5,3,2), (1,3)(2,5), (1,2,4,3,5), (2,5,4), (1,5,3,2,4), (1,4,5,2,3), (1,3,5), (1,2)(3,4), (2,4,3), (1,5,4,2,3), (1,4)(3,5), (1,3,4,5,2), (1,2,5)]
[(1,5,3,4,2), (1,4)(2,5), (1,3,2,4,5), (1,2,3), (3,5,4), (1,5,4,3,2), (1,4,2,5,3), (1,3,5,2,4), (1,2,3,4,5), (), (1,4,5,3,2), (1,3)(2,5), (1,2,4,3,5), (2,3,4), (1,5,4), (1,5,2), (1,4,3,2,5), (1,3)(2,4), (1,2,3,5,4), (3,4,5), (1,4,2), (1,3,2,5,4), (1,2,4,5,3), (2,3,5), (1,5)(3,4), (1,2)(3,4), (2,5,4), (1,5,3,2,4), (1,4,5,2,3), (1,3,5), (1,2)(4,5), (2,5,3), (1,5,2,4,3), (1,4,2,3,5), (1,3,4), (1,3,2), (1,2,5,4,3), (2,4)(3,5), (1,5,2,3,4), (1,4,5), (1,3,5,4,2), (1,2,5,3,4), (2,4,5), (1,5)(2,3), (1,4,3), (1,4,3,5,2), (1,3,4,2,5), (1,2,4), (2,3)(4,5), (1,5,3), (1,3,4,5,2), (1,2,5), (2,4,3), (1,5,4,2,3), (1,4)(3,5), (1,2)(3,5), (2,5)(3,4), (1,5)(2,4), (1,4)(2,3), (1,3)(4,5)]
[(1,4)(2,5), (1,3,2,4,5), (1,2,3), (3,5,4), (1,5,3,4,2), (1,2,5,3,4), (2,4,5), (1,5)(2,3), (1,4,3), (1,3,5,4,2), (1,2,4), (2,3)(4,5), (1,5,3), (1,4,3,5,2), (1,3,4,2,5), (1,3,2,5,4), (1,2,4,5,3), (2,3,5), (1,5)(3,4), (1,4,2), (1,3,5,2,4), (1,2,3,4,5), (), (1,5,4,3,2), (1,4,2,5,3), (1,4)(3,5), (1,3,4,5,2), (1,2,5), (2,4,3), (1,5,4,2,3), (1,3,4), (1,2)(4,5), (2,5,3), (1,5,2,4,3), (1,4,2,3,5), (1,2,3,5,4), (3,4,5), (1,5,2), (1,4,3,2,5), (1,3)(2,4), (1,5,2,3,4), (1,4,5), (1,3,2), (1,2,5,4,3), (2,4)(3,5), (1,5,3,2,4), (1,4,5,2,3), (1,3,5), (1,2)(3,4), (2,5,4), (1,4)(2,3), (1,3)(4,5), (1,2)(3,5), (2,5)(3,4), (1,5)(2,4), (1,5,4), (1,4,5,3,2), (1,3)(2,5), (1,2,4,3,5), (2,3,4)]
[(1,3,2,4,5), (1,2,3), (3,5,4), (1,5,3,4,2), (1,4)(2,5), (1,4,5), (1,3,2), (1,2,5,4,3), (2,4)(3,5), (1,5,2,3,4), (1,3,5), (1,2)(3,4), (2,5,4), (1,5,3,2,4), (1,4,5,2,3), (1,2,3,4,5), (), (1,5,4,3,2), (1,4,2,5,3), (1,3,5,2,4), (1,5)(2,3), (1,4,3), (1,3,5,4,2), (1,2,5,3,4), (2,4,5), (1,5)(2,4), (1,4)(2,3), (1,3)(4,5), (1,2)(3,5), (2,5)(3,4), (1,4,2,3,5), (1,3,4), (1,2)(4,5), (2,5,3), (1,5,2,4,3), (1,5)(3,4), (1,4,2), (1,3,2,5,4), (1,2,4,5,3), (2,3,5), (1,4,3,2,5), (1,3)(2,4), (1,2,3,5,4), (3,4,5), (1,5,2), (1,2,5), (2,4,3), (1,5,4,2,3), (1,4)(3,5), (1,3,4,5,2), (1,2,4,3,5), (2,3,4), (1,5,4), (1,4,5,3,2), (1,3)(2,5), (1,3,4,2,5), (1,2,4), (2,3)(4,5), (1,5,3), (1,4,3,5,2)]
[(1,2,3), (3,5,4), (1,5,3,4,2), (1,4)(2,5), (1,3,2,4,5), (1,3)(2,4), (1,2,3,5,4), (3,4,5), (1,5,2), (1,4,3,2,5), (1,5,4,2,3), (1,4)(3,5), (1,3,4,5,2), (1,2,5), (2,4,3), (1,4,3), (1,3,5,4,2), (1,2,5,3,4), (2,4,5), (1,5)(2,3), (1,2,5,4,3), (2,4)(3,5), (1,5,2,3,4), (1,4,5), (1,3,2), (1,3)(2,5), (1,2,4,3,5), (2,3,4), (1,5,4), (1,4,5,3,2), (1,5,2,4,3), (1,4,2,3,5), (1,3,4), (1,2)(4,5), (2,5,3), (1,4,2,5,3), (1,3,5,2,4), (1,2,3,4,5), (), (1,5,4,3,2), (1,2,4,5,3), (2,3,5), (1,5)(3,4), (1,4,2), (1,3,2,5,4), (1,3)(4,5), (1,2)(3,5), (2,5)(3,4), (1,5)(2,4), (1,4)(2,3), (1,5,3), (1,4,3,5,2), (1,3,4,2,5), (1,2,4), (2,3)(4,5), (1,4,5,2,3), (1,3,5), (1,2)(3,4), (2,5,4), (1,5,3,2,4)]
[(2,3,5), (1,5)(3,4), (1,4,2), (1,3,2,5,4), (1,2,4,5,3), (2,4)(3,5), (1,5,2,3,4), (1,4,5), (1,3,2), (1,2,5,4,3), (2,3,4), (1,5,4), (1,4,5,3,2), (1,3)(2,5), (1,2,4,3,5), (3,5,4), (1,5,3,4,2), (1,4)(2,5), (1,3,2,4,5), (1,2,3), (2,5)(3,4), (1,5)(2,4), (1,4)(2,3), (1,3)(4,5), (1,2)(3,5), (2,5,3), (1,5,2,4,3), (1,4,2,3,5), (1,3,4), (1,2)(4,5), (2,4,3), (1,5,4,2,3), (1,4)(3,5), (1,3,4,5,2), (1,2,5), (2,5,4), (1,5,3,2,4), (1,4,5,2,3), (1,3,5), (1,2)(3,4), (2,4,5), (1,5)(2,3), (1,4,3), (1,3,5,4,2), (1,2,5,3,4), (3,4,5), (1,5,2), (1,4,3,2,5), (1,3)(2,4), (1,2,3,5,4), (), (1,5,4,3,2), (1,4,2,5,3), (1,3,5,2,4), (1,2,3,4,5), (2,3)(4,5), (1,5,3), (1,4,3,5,2), (1,3,4,2,5), (1,2,4)]
[(1,5)(3,4), (1,4,2), (1,3,2,5,4), (1,2,4,5,3), (2,3,5), (1,5)(2,3), (1,4,3), (1,3,5,4,2), (1,2,5,3,4), (2,4,5), (1,4,3,2,5), (1,3)(2,4), (1,2,3,5,4), (3,4,5), (1,5,2), (1,5)(2,4), (1,4)(2,3), (1,3)(4,5), (1,2)(3,5), (2,5)(3,4), (1,4,5), (1,3,2), (1,2,5,4,3), (2,4)(3,5), (1,5,2,3,4), (1,2,3,4,5), (), (1,5,4,3,2), (1,4,2,5,3), (1,3,5,2,4), (1,2,5), (2,4,3), (1,5,4,2,3), (1,4)(3,5), (1,3,4,5,2), (1,3,2,4,5), (1,2,3), (3,5,4), (1,5,3,4,2), (1,4)(2,5), (1,3,5), (1,2)(3,4), (2,5,4), (1,5,3,2,4), (1,4,5,2,3), (1,4,2,3,5), (1,3,4), (1,2)(4,5), (2,5,3), (1,5,2,4,3), (1,3,4,2,5), (1,2,4), (2,3)(4,5), (1,5,3), (1,4,3,5,2), (1,2,4,3,5), (2,3,4), (1,5,4), (1,4,5,3,2), (1,3)(2,5)]
[(1,4,2), (1,3,2,5,4), (1,2,4,5,3), (2,3,5), (1,5)(3,4), (1,2)(3,4), (2,5,4), (1,5,3,2,4), (1,4,5,2,3), (1,3,5), (1,2)(4,5), (2,5,3), (1,5,2,4,3), (1,4,2,3,5), (1,3,4), (1,3,2), (1,2,5,4,3), (2,4)(3,5), (1,5,2,3,4), (1,4,5), (1,3,5,4,2), (1,2,5,3,4), (2,4,5), (1,5)(2,3), (1,4,3), (1,4,3,5,2), (1,3,4,2,5), (1,2,4), (2,3)(4,5), (1,5,3), (1,3,4,5,2), (1,2,5), (2,4,3), (1,5,4,2,3), (1,4)(3,5), (1,2)(3,5), (2,5)(3,4), (1,5)(2,4), (1,4)(2,3), (1,3)(4,5), (1,5,3,4,2), (1,4)(2,5), (1,3,2,4,5), (1,2,3), (3,5,4), (1,5,4,3,2), (1,4,2,5,3), (1,3,5,2,4), (1,2,3,4,5), (), (1,4,5,3,2), (1,3)(2,5), (1,2,4,3,5), (2,3,4), (1,5,4), (1,5,2), (1,4,3,2,5), (1,3)(2,4), (1,2,3,5,4), (3,4,5)]
[(1,3,2,5,4), (1,2,4,5,3), (2,3,5), (1,5)(3,4), (1,4,2), (1,4)(2,5), (1,3,2,4,5), (1,2,3), (3,5,4), (1,5,3,4,2), (1,3,5,2,4), (1,2,3,4,5), (), (1,5,4,3,2), (1,4,2,5,3), (1,2,5,3,4), (2,4,5), (1,5)(2,3), (1,4,3), (1,3,5,4,2), (1,5,3,2,4), (1,4,5,2,3), (1,3,5), (1,2)(3,4), (2,5,4), (1,5,4), (1,4,5,3,2), (1,3)(2,5), (1,2,4,3,5), (2,3,4), (1,4)(3,5), (1,3,4,5,2), (1,2,5), (2,4,3), (1,5,4,2,3), (1,5,2,3,4), (1,4,5), (1,3,2), (1,2,5,4,3), (2,4)(3,5), (1,4)(2,3), (1,3)(4,5), (1,2)(3,5), (2,5)(3,4), (1,5)(2,4), (1,2,4), (2,3)(4,5), (1,5,3), (1,4,3,5,2), (1,3,4,2,5), (1,2,3,5,4), (3,4,5), (1,5,2), (1,4,3,2,5), (1,3)(2,4), (1,3,4), (1,2)(4,5), (2,5,3), (1,5,2,4,3), (1,4,2,3,5)]
[(1,2,4,5,3), (2,3,5), (1,5)(3,4), (1,4,2), (1,3,2,5,4), (1,3)(4,5), (1,2)(3,5), (2,5)(3,4), (1,5)(2,4), (1,4)(2,3), (1,5,3), (1,4,3,5,2), (1,3,4,2,5), (1,2,4), (2,3)(4,5), (1,4,5,2,3), (1,3,5), (1,2)(3,4), (2,5,4), (1,5,3,2,4), (1,2,3), (3,5,4), (1,5,3,4,2), (1,4)(2,5), (1,3,2,4,5), (1,3)(2,4), (1,2,3,5,4), (3,4,5), (1,5,2), (1,4,3,2,5), (1,5,4,2,3), (1,4)(3,5), (1,3,4,5,2), (1,2,5), (2,4,3), (1,4,3), (1,3,5,4,2), (1,2,5,3,4), (2,4,5), (1,5)(2,3), (1,2,5,4,3), (2,4)(3,5), (1,5,2,3,4), (1,4,5), (1,3,2), (1,3)(2,5), (1,2,4,3,5), (2,3,4), (1,5,4), (1,4,5,3,2), (1,5,2,4,3), (1,4,2,3,5), (1,3,4), (1,2)(4,5), (2,5,3), (1,4,2,5,3), (1,3,5,2,4), (1,2,3,4,5), (), (1,5,4,3,2)]
[(2,5)(3,4), (1,5)(2,4), (1,4)(2,3), (1,3)(4,5), (1,2)(3,5), (2,5,3), (1,5,2,4,3), (1,4,2,3,5), (1,3,4), (1,2)(4,5), (2,4,3), (1,5,4,2,3), (1,4)(3,5), (1,3,4,5,2), (1,2,5), (2,5,4), (1,5,3,2,4), (1,4,5,2,3), (1,3,5), (1,2)(3,4), (2,4,5), (1,5)(2,3), (1,4,3), (1,3,5,4,2), (1,2,5,3,4), (3,4,5), (1,5,2), (1,4,3,2,5), (1,3)(2,4), (1,2,3,5,4), (), (1,5,4,3,2), (1,4,2,5,3), (1,3,5,2,4), (1,2,3,4,5), (2,3)(4,5), (1,5,3), (1,4,3,5,2), (1,3,4,2,5), (1,2,4), (2,3,5), (1,5)(3,4), (1,4,2), (1,3,2,5,4), (1,2,4,5,3), (2,4)(3,5), (1,5,2,3,4), (1,4,5), (1,3,2), (1,2,5,4,3), (2,3,4), (1,5,4), (1,4,5,3,2), (1,3)(2,5), (1,2,4,3,5), (3,5,4), (1,5,3,4,2), (1,4)(2,5), (1,3,2,4,5), (1,2,3)]
[(1,5)(2,4), (1,4)(2,3), (1,3)(4,5), (1,2)(3,5), (2,5)(3,4), (1,5)(3,4), (1,4,2), (1,3,2,5,4), (1,2,4,5,3), (2,3,5), (1,4,5), (1,3,2), (1,2,5,4,3), (2,4)(3,5), (1,5,2,3,4), (1,5)(2,3), (1,4,3), (1,3,5,4,2), (1,2,5,3,4), (2,4,5), (1,4,2,3,5), (1,3,4), (1,2)(4,5), (2,5,3), (1,5,2,4,3), (1,2,4,3,5), (2,3,4), (1,5,4), (1,4,5,3,2), (1,3)(2,5), (1,2,3,4,5), (), (1,5,4,3,2), (1,4,2,5,3), (1,3,5,2,4), (1,3,5), (1,2)(3,4), (2,5,4), (1,5,3,2,4), (1,4,5,2,3), (1,3,4,2,5), (1,2,4), (2,3)(4,5), (1,5,3), (1,4,3,5,2), (1,4,3,2,5), (1,3)(2,4), (1,2,3,5,4), (3,4,5), (1,5,2), (1,3,2,4,5), (1,2,3), (3,5,4), (1,5,3,4,2), (1,4)(2,5), (1,2,5), (2,4,3), (1,5,4,2,3), (1,4)(3,5), (1,3,4,5,2)]
[(1,4)(2,3), (1,3)(4,5), (1,2)(3,5), (2,5)(3,4), (1,5)(2,4), (1,2,4), (2,3)(4,5), (1,5,3), (1,4,3,5,2), (1,3,4,2,5), (1,2,3,5,4), (3,4,5), (1,5,2), (1,4,3,2,5), (1,3)(2,4), (1,3,4), (1,2)(4,5), (2,5,3), (1,5,2,4,3), (1,4,2,3,5), (1,3,2,5,4), (1,2,4,5,3), (2,3,5), (1,5)(3,4), (1,4,2), (1,4)(2,5), (1,3,2,4,5), (1,2,3), (3,5,4), (1,5,3,4,2), (1,3,5,2,4), (1,2,3,4,5), (), (1,5,4,3,2), (1,4,2,5,3), (1,2,5,3,4), (2,4,5), (1,5)(2,3), (1,4,3), (1,3,5,4,2), (1,5,3,2,4), (1,4,5,2,3), (1,3,5), (1,2)(3,4), (2,5,4), (1,5,4), (1,4,5,3,2), (1,3)(2,5), (1,2,4,3,5), (2,3,4), (1,4)(3,5), (1,3,4,5,2), (1,2,5), (2,4,3), (1,5,4,2,3), (1,5,2,3,4), (1,4,5), (1,3,2), (1,2,5,4,3), (2,4)(3,5)]
[(1,3)(4,5), (1,2)(3,5), (2,5)(3,4), (1,5)(2,4), (1,4)(2,3), (1,4,5,2,3), (1,3,5), (1,2)(3,4), (2,5,4), (1,5,3,2,4), (1,3)(2,5), (1,2,4,3,5), (2,3,4), (1,5,4), (1,4,5,3,2), (1,2,4,5,3), (2,3,5), (1,5)(3,4), (1,4,2), (1,3,2,5,4), (1,5,3), (1,4,3,5,2), (1,3,4,2,5), (1,2,4), (2,3)(4,5), (1,5,4,2,3), (1,4)(3,5), (1,3,4,5,2), (1,2,5), (2,4,3), (1,4,2,5,3), (1,3,5,2,4), (1,2,3,4,5), (), (1,5,4,3,2), (1,5,2,4,3), (1,4,2,3,5), (1,3,4), (1,2)(4,5), (2,5,3), (1,4,3), (1,3,5,4,2), (1,2,5,3,4), (2,4,5), (1,5)(2,3), (1,2,3), (3,5,4), (1,5,3,4,2), (1,4)(2,5), (1,3,2,4,5), (1,2,5,4,3), (2,4)(3,5), (1,5,2,3,4), (1,4,5), (1,3,2), (1,3)(2,4), (1,2,3,5,4), (3,4,5), (1,5,2), (1,4,3,2,5)]
[(1,2)(3,5), (2,5)(3,4), (1,5)(2,4), (1,4)(2,3), (1,3)(4,5), (1,3,5,4,2), (1,2,5,3,4), (2,4,5), (1,5)(2,3), (1,4,3), (1,5,3,4,2), (1,4)(2,5), (1,3,2,4,5), (1,2,3), (3,5,4), (1,4,3,5,2), (1,3,4,2,5), (1,2,4), (2,3)(4,5), (1,5,3), (1,2)(3,4), (2,5,4), (1,5,3,2,4), (1,4,5,2,3), (1,3,5), (1,3,2), (1,2,5,4,3), (2,4)(3,5), (1,5,2,3,4), (1,4,5), (1,5,4,3,2), (1,4,2,5,3), (1,3,5,2,4), (1,2,3,4,5), (), (1,4,2), (1,3,2,5,4), (1,2,4,5,3), (2,3,5), (1,5)(3,4), (1,2)(4,5), (2,5,3), (1,5,2,4,3), (1,4,2,3,5), (1,3,4), (1,3,4,5,2), (1,2,5), (2,4,3), (1,5,4,2,3), (1,4)(3,5), (1,5,2), (1,4,3,2,5), (1,3)(2,4), (1,2,3,5,4), (3,4,5), (1,4,5,3,2), (1,3)(2,5), (1,2,4,3,5), (2,3,4), (1,5,4)]
[(2,4)(3,5), (1,5,2,3,4), (1,4,5), (1,3,2), (1,2,5,4,3), (3,5,4), (1,5,3,4,2), (1,4)(2,5), (1,3,2,4,5), (1,2,3), (3,4,5), (1,5,2), (1,4,3,2,5), (1,3)(2,4), (1,2,3,5,4), (2,3,5), (1,5)(3,4), (1,4,2), (1,3,2,5,4), (1,2,4,5,3), (2,3,4), (1,5,4), (1,4,5,3,2), (1,3)(2,5), (1,2,4,3,5), (2,4,3), (1,5,4,2,3), (1,4)(3,5), (1,3,4,5,2), (1,2,5), (2,3)(4,5), (1,5,3), (1,4,3,5,2), (1,3,4,2,5), (1,2,4), (), (1,5,4,3,2), (1,4,2,5,3), (1,3,5,2,4), (1,2,3,4,5), (2,5,4), (1,5,3,2,4), (1,4,5,2,3), (1,3,5), (1,2)(3,4), (2,5)(3,4), (1,5)(2,4), (1,4)(2,3), (1,3)(4,5), (1,2)(3,5), (2,4,5), (1,5)(2,3), (1,4,3), (1,3,5,4,2), (1,2,5,3,4), (2,5,3), (1,5,2,4,3), (1,4,2,3,5), (1,3,4), (1,2)(4,5)]
[(1,5,2,3,4), (1,4,5), (1,3,2), (1,2,5,4,3), (2,4)(3,5), (1,5,3,2,4), (1,4,5,2,3), (1,3,5), (1,2)(3,4), (2,5,4), (1,4)(2,3), (1,3)(4,5), (1,2)(3,5), (2,5)(3,4), (1,5)(2,4), (1,5,4), (1,4,5,3,2), (1,3)(2,5), (1,2,4,3,5), (2,3,4), (1,4)(2,5), (1,3,2,4,5), (1,2,3), (3,5,4), (1,5,3,4,2), (1,2,5,3,4), (2,4,5), (1,5)(2,3), (1,4,3), (1,3,5,4,2), (1,2,4), (2,3)(4,5), (1,5,3), (1,4,3,5,2), (1,3,4,2,5), (1,3,2,5,4), (1,2,4,5,3), (2,3,5), (1,5)(3,4), (1,4,2), (1,3,5,2,4), (1,2,3,4,5), (), (1,5,4,3,2), (1,4,2,5,3), (1,4)(3,5), (1,3,4,5,2), (1,2,5), (2,4,3), (1,5,4,2,3), (1,3,4), (1,2)(4,5), (2,5,3), (1,5,2,4,3), (1,4,2,3,5), (1,2,3,5,4), (3,4,5), (1,5,2), (1,4,3,2,5), (1,3)(2,4)]
[(1,4,5), (1,3,2), (1,2,5,4,3), (2,4)(3,5), (1,5,2,3,4), (1,2,3,4,5), (), (1,5,4,3,2), (1,4,2,5,3), (1,3,5,2,4), (1,2,5), (2,4,3), (1,5,4,2,3), (1,4)(3,5), (1,3,4,5,2), (1,3,2,4,5), (1,2,3), (3,5,4), (1,5,3,4,2), (1,4)(2,5), (1,3,5), (1,2)(3,4), (2,5,4), (1,5,3,2,4), (1,4,5,2,3), (1,4,2,3,5), (1,3,4), (1,2)(4,5), (2,5,3), (1,5,2,4,3), (1,3,4,2,5), (1,2,4), (2,3)(4,5), (1,5,3), (1,4,3,5,2), (1,2,4,3,5), (2,3,4), (1,5,4), (1,4,5,3,2), (1,3)(2,5), (1,5)(3,4), (1,4,2), (1,3,2,5,4), (1,2,4,5,3), (2,3,5), (1,5)(2,3), (1,4,3), (1,3,5,4,2), (1,2,5,3,4), (2,4,5), (1,4,3,2,5), (1,3)(2,4), (1,2,3,5,4), (3,4,5), (1,5,2), (1,5)(2,4), (1,4)(2,3), (1,3)(4,5), (1,2)(3,5), (2,5)(3,4)]
[(1,3,2), (1,2,5,4,3), (2,4)(3,5), (1,5,2,3,4), (1,4,5), (1,4,2), (1,3,2,5,4), (1,2,4,5,3), (2,3,5), (1,5)(3,4), (1,3,5,4,2), (1,2,5,3,4), (2,4,5), (1,5)(2,3), (1,4,3), (1,2)(3,4), (2,5,4), (1,5,3,2,4), (1,4,5,2,3), (1,3,5), (1,5,4,3,2), (1,4,2,5,3), (1,3,5,2,4), (1,2,3,4,5), (), (1,5,2), (1,4,3,2,5), (1,3)(2,4), (1,2,3,5,4), (3,4,5), (1,4,3,5,2), (1,3,4,2,5), (1,2,4), (2,3)(4,5), (1,5,3), (1,5,3,4,2), (1,4)(2,5), (1,3,2,4,5), (1,2,3), (3,5,4), (1,4,5,3,2), (1,3)(2,5), (1,2,4,3,5), (2,3,4), (1,5,4), (1,2)(4,5), (2,5,3), (1,5,2,4,3), (1,4,2,3,5), (1,3,4), (1,2)(3,5), (2,5)(3,4), (1,5)(2,4), (1,4)(2,3), (1,3)(4,5), (1,3,4,5,2), (1,2,5), (2,4,3), (1,5,4,2,3), (1,4)(3,5)]
[(1,2,5,4,3), (2,4)(3,5), (1,5,2,3,4), (1,4,5), (1,3,2), (1,3)(2,5), (1,2,4,3,5), (2,3,4), (1,5,4), (1,4,5,3,2), (1,5,2,4,3), (1,4,2,3,5), (1,3,4), (1,2)(4,5), (2,5,3), (1,4,2,5,3), (1,3,5,2,4), (1,2,3,4,5), (), (1,5,4,3,2), (1,2,4,5,3), (2,3,5), (1,5)(3,4), (1,4,2), (1,3,2,5,4), (1,3)(4,5), (1,2)(3,5), (2,5)(3,4), (1,5)(2,4), (1,4)(2,3), (1,5,3), (1,4,3,5,2), (1,3,4,2,5), (1,2,4), (2,3)(4,5), (1,4,5,2,3), (1,3,5), (1,2)(3,4), (2,5,4), (1,5,3,2,4), (1,2,3), (3,5,4), (1,5,3,4,2), (1,4)(2,5), (1,3,2,4,5), (1,3)(2,4), (1,2,3,5,4), (3,4,5), (1,5,2), (1,4,3,2,5), (1,5,4,2,3), (1,4)(3,5), (1,3,4,5,2), (1,2,5), (2,4,3), (1,4,3), (1,3,5,4,2), (1,2,5,3,4), (2,4,5), (1,5)(2,3)]
[(3,4,5), (1,5,2), (1,4,3,2,5), (1,3)(2,4), (1,2,3,5,4), (2,3)(4,5), (1,5,3), (1,4,3,5,2), (1,3,4,2,5), (1,2,4), (2,5,3), (1,5,2,4,3), (1,4,2,3,5), (1,3,4), (1,2)(4,5), (2,4,5), (1,5)(2,3), (1,4,3), (1,3,5,4,2), (1,2,5,3,4), (), (1,5,4,3,2), (1,4,2,5,3), (1,3,5,2,4), (1,2,3,4,5), (2,3,4), (1,5,4), (1,4,5,3,2), (1,3)(2,5), (1,2,4,3,5), (2,5,4), (1,5,3,2,4), (1,4,5,2,3), (1,3,5), (1,2)(3,4), (2,4,3), (1,5,4,2,3), (1,4)(3,5), (1,3,4,5,2), (1,2,5), (3,5,4), (1,5,3,4,2), (1,4)(2,5), (1,3,2,4,5), (1,2,3), (2,3,5), (1,5)(3,4), (1,4,2), (1,3,2,5,4), (1,2,4,5,3), (2,5)(3,4), (1,5)(2,4), (1,4)(2,3), (1,3)(4,5), (1,2)(3,5), (2,4)(3,5), (1,5,2,3,4), (1,4,5), (1,3,2), (1,2,5,4,3)]
[(1,5,2), (1,4,3,2,5), (1,3)(2,4), (1,2,3,5,4), (3,4,5), (1,5,3,4,2), (1,4)(2,5), (1,3,2,4,5), (1,2,3), (3,5,4), (1,4,2), (1,3,2,5,4), (1,2,4,5,3), (2,3,5), (1,5)(3,4), (1,5,4,3,2), (1,4,2,5,3), (1,3,5,2,4), (1,2,3,4,5), (), (1,4,3,5,2), (1,3,4,2,5), (1,2,4), (2,3)(4,5), (1,5,3), (1,2)(3,5), (2,5)(3,4), (1,5)(2,4), (1,4)(2,3), (1,3)(4,5), (1,2)(3,4), (2,5,4), (1,5,3,2,4), (1,4,5,2,3), (1,3,5), (1,3,5,4,2), (1,2,5,3,4), (2,4,5), (1,5)(2,3), (1,4,3), (1,3,4,5,2), (1,2,5), (2,4,3), (1,5,4,2,3), (1,4)(3,5), (1,4,5,3,2), (1,3)(2,5), (1,2,4,3,5), (2,3,4), (1,5,4), (1,3,2), (1,2,5,4,3), (2,4)(3,5), (1,5,2,3,4), (1,4,5), (1,2)(4,5), (2,5,3), (1,5,2,4,3), (1,4,2,3,5), (1,3,4)]
[(1,4,3,2,5), (1,3)(2,4), (1,2,3,5,4), (3,4,5), (1,5,2), (1,2,5), (2,4,3), (1,5,4,2,3), (1,4)(3,5), (1,3,4,5,2), (1,2,4,3,5), (2,3,4), (1,5,4), (1,4,5,3,2), (1,3)(2,5), (1,3,4,2,5), (1,2,4), (2,3)(4,5), (1,5,3), (1,4,3,5,2), (1,3,2,4,5), (1,2,3), (3,5,4), (1,5,3,4,2), (1,4)(2,5), (1,4,5), (1,3,2), (1,2,5,4,3), (2,4)(3,5), (1,5,2,3,4), (1,3,5), (1,2)(3,4), (2,5,4), (1,5,3,2,4), (1,4,5,2,3), (1,2,3,4,5), (), (1,5,4,3,2), (1,4,2,5,3), (1,3,5,2,4), (1,5)(2,3), (1,4,3), (1,3,5,4,2), (1,2,5,3,4), (2,4,5), (1,5)(2,4), (1,4)(2,3), (1,3)(4,5), (1,2)(3,5), (2,5)(3,4), (1,4,2,3,5), (1,3,4), (1,2)(4,5), (2,5,3), (1,5,2,4,3), (1,5)(3,4), (1,4,2), (1,3,2,5,4), (1,2,4,5,3), (2,3,5)]
[(1,3)(2,4), (1,2,3,5,4), (3,4,5), (1,5,2), (1,4,3,2,5), (1,4,3), (1,3,5,4,2), (1,2,5,3,4), (2,4,5), (1,5)(2,3), (1,3)(4,5), (1,2)(3,5), (2,5)(3,4), (1,5)(2,4), (1,4)(2,3), (1,2,3), (3,5,4), (1,5,3,4,2), (1,4)(2,5), (1,3,2,4,5), (1,5,4,2,3), (1,4)(3,5), (1,3,4,5,2), (1,2,5), (2,4,3), (1,5,2,4,3), (1,4,2,3,5), (1,3,4), (1,2)(4,5), (2,5,3), (1,4,5,2,3), (1,3,5), (1,2)(3,4), (2,5,4), (1,5,3,2,4), (1,5,3), (1,4,3,5,2), (1,3,4,2,5), (1,2,4), (2,3)(4,5), (1,4,2,5,3), (1,3,5,2,4), (1,2,3,4,5), (), (1,5,4,3,2), (1,2,5,4,3), (2,4)(3,5), (1,5,2,3,4), (1,4,5), (1,3,2), (1,2,4,5,3), (2,3,5), (1,5)(3,4), (1,4,2), (1,3,2,5,4), (1,3)(2,5), (1,2,4,3,5), (2,3,4), (1,5,4), (1,4,5,3,2)]
[(1,2,3,5,4), (3,4,5), (1,5,2), (1,4,3,2,5), (1,3)(2,4), (1,3,5,2,4), (1,2,3,4,5), (), (1,5,4,3,2), (1,4,2,5,3), (1,5,2,3,4), (1,4,5), (1,3,2), (1,2,5,4,3), (2,4)(3,5), (1,4)(3,5), (1,3,4,5,2), (1,2,5), (2,4,3), (1,5,4,2,3), (1,2,5,3,4), (2,4,5), (1,5)(2,3), (1,4,3), (1,3,5,4,2), (1,3,2,5,4), (1,2,4,5,3), (2,3,5), (1,5)(3,4), (1,4,2), (1,5,3,2,4), (1,4,5,2,3), (1,3,5), (1,2)(3,4), (2,5,4), (1,4)(2,5), (1,3,2,4,5), (1,2,3), (3,5,4), (1,5,3,4,2), (1,2,4), (2,3)(4,5), (1,5,3), (1,4,3,5,2), (1,3,4,2,5), (1,3,4), (1,2)(4,5), (2,5,3), (1,5,2,4,3), (1,4,2,3,5), (1,5,4), (1,4,5,3,2), (1,3)(2,5), (1,2,4,3,5), (2,3,4), (1,4)(2,3), (1,3)(4,5), (1,2)(3,5), (2,5)(3,4), (1,5)(2,4)]
[(2,3)(4,5), (1,5,3), (1,4,3,5,2), (1,3,4,2,5), (1,2,4), (2,4,5), (1,5)(2,3), (1,4,3), (1,3,5,4,2), (1,2,5,3,4), (2,3,5), (1,5)(3,4), (1,4,2), (1,3,2,5,4), (1,2,4,5,3), (3,4,5), (1,5,2), (1,4,3,2,5), (1,3)(2,4), (1,2,3,5,4), (2,5,3), (1,5,2,4,3), (1,4,2,3,5), (1,3,4), (1,2)(4,5), (2,5,4), (1,5,3,2,4), (1,4,5,2,3), (1,3,5), (1,2)(3,4), (2,4)(3,5), (1,5,2,3,4), (1,4,5), (1,3,2), (1,2,5,4,3), (2,5)(3,4), (1,5)(2,4), (1,4)(2,3), (1,3)(4,5), (1,2)(3,5), (2,4,3), (1,5,4,2,3), (1,4)(3,5), (1,3,4,5,2), (1,2,5), (), (1,5,4,3,2), (1,4,2,5,3), (1,3,5,2,4), (1,2,3,4,5), (3,5,4), (1,5,3,4,2), (1,4)(2,5), (1,3,2,4,5), (1,2,3), (2,3,4), (1,5,4), (1,4,5,3,2), (1,3)(2,5), (1,2,4,3,5)]
[(1,5,3), (1,4,3,5,2), (1,3,4,2,5), (1,2,4), (2,3)(4,5), (1,5,4,2,3), (1,4)(3,5), (1,3,4,5,2), (1,2,5), (2,4,3), (1,4,2,5,3), (1,3,5,2,4), (1,2,3,4,5), (), (1,5,4,3,2), (1,5,2,4,3), (1,4,2,3,5), (1,3,4), (1,2)(4,5), (2,5,3), (1,4,3), (1,3,5,4,2), (1,2,5,3,4), (2,4,5), (1,5)(2,3), (1,2,3), (3,5,4), (1,5,3,4,2), (1,4)(2,5), (1,3,2,4,5), (1,2,5,4,3), (2,4)(3,5), (1,5,2,3,4), (1,4,5), (1,3,2), (1,3)(2,4), (1,2,3,5,4), (3,4,5), (1,5,2), (1,4,3,2,5), (1,3)(4,5), (1,2)(3,5), (2,5)(3,4), (1,5)(2,4), (1,4)(2,3), (1,4,5,2,3), (1,3,5), (1,2)(3,4), (2,5,4), (1,5,3,2,4), (1,3)(2,5), (1,2,4,3,5), (2,3,4), (1,5,4), (1,4,5,3,2), (1,2,4,5,3), (2,3,5), (1,5)(3,4), (1,4,2), (1,3,2,5,4)]
[(1,4,3,5,2), (1,3,4,2,5), (1,2,4), (2,3)(4,5), (1,5,3), (1,2)(3,5), (2,5)(3,4), (1,5)(2,4), (1,4)(2,3), (1,3)(4,5), (1,2)(3,4), (2,5,4), (1,5,3,2,4), (1,4,5,2,3), (1,3,5), (1,3,5,4,2), (1,2,5,3,4), (2,4,5), (1,5)(2,3), (1,4,3), (1,3,4,5,2), (1,2,5), (2,4,3), (1,5,4,2,3), (1,4)(3,5), (1,4,5,3,2), (1,3)(2,5), (1,2,4,3,5), (2,3,4), (1,5,4), (1,3,2), (1,2,5,4,3), (2,4)(3,5), (1,5,2,3,4), (1,4,5), (1,2)(4,5), (2,5,3), (1,5,2,4,3), (1,4,2,3,5), (1,3,4), (1,5,2), (1,4,3,2,5), (1,3)(2,4), (1,2,3,5,4), (3,4,5), (1,5,3,4,2), (1,4)(2,5), (1,3,2,4,5), (1,2,3), (3,5,4), (1,4,2), (1,3,2,5,4), (1,2,4,5,3), (2,3,5), (1,5)(3,4), (1,5,4,3,2), (1,4,2,5,3), (1,3,5,2,4), (1,2,3,4,5), ()]
[(1,3,4,2,5), (1,2,4), (2,3)(4,5), (1,5,3), (1,4,3,5,2), (1,4,3,2,5), (1,3)(2,4), (1,2,3,5,4), (3,4,5), (1,5,2), (1,3,2,4,5), (1,2,3), (3,5,4), (1,5,3,4,2), (1,4)(2,5), (1,2,5), (2,4,3), (1,5,4,2,3), (1,4)(3,5), (1,3,4,5,2), (1,5)(2,4), (1,4)(2,3), (1,3)(4,5), (1,2)(3,5), (2,5)(3,4), (1,5)(3,4), (1,4,2), (1,3,2,5,4), (1,2,4,5,3), (2,3,5), (1,4,5), (1,3,2), (1,2,5,4,3), (2,4)(3,5), (1,5,2,3,4), (1,5)(2,3), (1,4,3), (1,3,5,4,2), (1,2,5,3,4), (2,4,5), (1,4,2,3,5), (1,3,4), (1,2)(4,5), (2,5,3), (1,5,2,4,3), (1,2,4,3,5), (2,3,4), (1,5,4), (1,4,5,3,2), (1,3)(2,5), (1,2,3,4,5), (), (1,5,4,3,2), (1,4,2,5,3), (1,3,5,2,4), (1,3,5), (1,2)(3,4), (2,5,4), (1,5,3,2,4), (1,4,5,2,3)]
[(1,2,4), (2,3)(4,5), (1,5,3), (1,4,3,5,2), (1,3,4,2,5), (1,3,4), (1,2)(4,5), (2,5,3), (1,5,2,4,3), (1,4,2,3,5), (1,5,4), (1,4,5,3,2), (1,3)(2,5), (1,2,4,3,5), (2,3,4), (1,4)(2,3), (1,3)(4,5), (1,2)(3,5), (2,5)(3,4), (1,5)(2,4), (1,2,3,5,4), (3,4,5), (1,5,2), (1,4,3,2,5), (1,3)(2,4), (1,3,5,2,4), (1,2,3,4,5), (), (1,5,4,3,2), (1,4,2,5,3), (1,5,2,3,4), (1,4,5), (1,3,2), (1,2,5,4,3), (2,4)(3,5), (1,4)(3,5), (1,3,4,5,2), (1,2,5), (2,4,3), (1,5,4,2,3), (1,2,5,3,4), (2,4,5), (1,5)(2,3), (1,4,3), (1,3,5,4,2), (1,3,2,5,4), (1,2,4,5,3), (2,3,5), (1,5)(3,4), (1,4,2), (1,5,3,2,4), (1,4,5,2,3), (1,3,5), (1,2)(3,4), (2,5,4), (1,4)(2,5), (1,3,2,4,5), (1,2,3), (3,5,4), (1,5,3,4,2)]
[(2,5,3), (1,5,2,4,3), (1,4,2,3,5), (1,3,4), (1,2)(4,5), (2,5,4), (1,5,3,2,4), (1,4,5,2,3), (1,3,5), (1,2)(3,4), (2,4)(3,5), (1,5,2,3,4), (1,4,5), (1,3,2), (1,2,5,4,3), (2,5)(3,4), (1,5)(2,4), (1,4)(2,3), (1,3)(4,5), (1,2)(3,5), (2,4,3), (1,5,4,2,3), (1,4)(3,5), (1,3,4,5,2), (1,2,5), (), (1,5,4,3,2), (1,4,2,5,3), (1,3,5,2,4), (1,2,3,4,5), (3,5,4), (1,5,3,4,2), (1,4)(2,5), (1,3,2,4,5), (1,2,3), (2,3,4), (1,5,4), (1,4,5,3,2), (1,3)(2,5), (1,2,4,3,5), (2,3)(4,5), (1,5,3), (1,4,3,5,2), (1,3,4,2,5), (1,2,4), (2,4,5), (1,5)(2,3), (1,4,3), (1,3,5,4,2), (1,2,5,3,4), (2,3,5), (1,5)(3,4), (1,4,2), (1,3,2,5,4), (1,2,4,5,3), (3,4,5), (1,5,2), (1,4,3,2,5), (1,3)(2,4), (1,2,3,5,4)]
[(1,5,2,4,3), (1,4,2,3,5), (1,3,4), (1,2)(4,5), (2,5,3), (1,5,3), (1,4,3,5,2), (1,3,4,2,5), (1,2,4), (2,3)(4,5), (1,4,3), (1,3,5,4,2), (1,2,5,3,4), (2,4,5), (1,5)(2,3), (1,5,4,2,3), (1,4)(3,5), (1,3,4,5,2), (1,2,5), (2,4,3), (1,4,5,2,3), (1,3,5), (1,2)(3,4), (2,5,4), (1,5,3,2,4), (1,2,4,5,3), (2,3,5), (1,5)(3,4), (1,4,2), (1,3,2,5,4), (1,2,3), (3,5,4), (1,5,3,4,2), (1,4)(2,5), (1,3,2,4,5), (1,3)(4,5), (1,2)(3,5), (2,5)(3,4), (1,5)(2,4), (1,4)(2,3), (1,3)(2,5), (1,2,4,3,5), (2,3,4), (1,5,4), (1,4,5,3,2), (1,4,2,5,3), (1,3,5,2,4), (1,2,3,4,5), (), (1,5,4,3,2), (1,3)(2,4), (1,2,3,5,4), (3,4,5), (1,5,2), (1,4,3,2,5), (1,2,5,4,3), (2,4)(3,5), (1,5,2,3,4), (1,4,5), (1,3,2)]
[(1,4,2,3,5), (1,3,4), (1,2)(4,5), (2,5,3), (1,5,2,4,3), (1,2,4,3,5), (2,3,4), (1,5,4), (1,4,5,3,2), (1,3)(2,5), (1,2,3,4,5), (), (1,5,4,3,2), (1,4,2,5,3), (1,3,5,2,4), (1,3,5), (1,2)(3,4), (2,5,4), (1,5,3,2,4), (1,4,5,2,3), (1,3,4,2,5), (1,2,4), (2,3)(4,5), (1,5,3), (1,4,3,5,2), (1,4,3,2,5), (1,3)(2,4), (1,2,3,5,4), (3,4,5), (1,5,2), (1,3,2,4,5), (1,2,3), (3,5,4), (1,5,3,4,2), (1,4)(2,5), (1,2,5), (2,4,3), (1,5,4,2,3), (1,4)(3,5), (1,3,4,5,2), (1,5)(2,4), (1,4)(2,3), (1,3)(4,5), (1,2)(3,5), (2,5)(3,4), (1,5)(3,4), (1,4,2), (1,3,2,5,4), (1,2,4,5,3), (2,3,5), (1,4,5), (1,3,2), (1,2,5,4,3), (2,4)(3,5), (1,5,2,3,4), (1,5)(2,3), (1,4,3), (1,3,5,4,2), (1,2,5,3,4), (2,4,5)]
[(1,3,4), (1,2)(4,5), (2,5,3), (1,5,2,4,3), (1,4,2,3,5), (1,4)(2,3), (1,3)(4,5), (1,2)(3,5), (2,5)(3,4), (1,5)(2,4), (1,3,2,5,4), (1,2,4,5,3), (2,3,5), (1,5)(3,4), (1,4,2), (1,2,4), (2,3)(4,5), (1,5,3), (1,4,3,5,2), (1,3,4,2,5), (1,5,4), (1,4,5,3,2), (1,3)(2,5), (1,2,4,3,5), (2,3,4), (1,5,2,3,4), (1,4,5), (1,3,2), (1,2,5,4,3), (2,4)(3,5), (1,4)(2,5), (1,3,2,4,5), (1,2,3), (3,5,4), (1,5,3,4,2), (1,5,3,2,4), (1,4,5,2,3), (1,3,5), (1,2)(3,4), (2,5,4), (1,4)(3,5), (1,3,4,5,2), (1,2,5), (2,4,3), (1,5,4,2,3), (1,2,3,5,4), (3,4,5), (1,5,2), (1,4,3,2,5), (1,3)(2,4), (1,2,5,3,4), (2,4,5), (1,5)(2,3), (1,4,3), (1,3,5,4,2), (1,3,5,2,4), (1,2,3,4,5), (), (1,5,4,3,2), (1,4,2,5,3)]
[(1,2)(4,5), (2,5,3), (1,5,2,4,3), (1,4,2,3,5), (1,3,4), (1,3,4,5,2), (1,2,5), (2,4,3), (1,5,4,2,3), (1,4)(3,5), (1,5,2), (1,4,3,2,5), (1,3)(2,4), (1,2,3,5,4), (3,4,5), (1,4,5,3,2), (1,3)(2,5), (1,2,4,3,5), (2,3,4), (1,5,4), (1,2)(3,5), (2,5)(3,4), (1,5)(2,4), (1,4)(2,3), (1,3)(4,5), (1,3,5,4,2), (1,2,5,3,4), (2,4,5), (1,5)(2,3), (1,4,3), (1,5,3,4,2), (1,4)(2,5), (1,3,2,4,5), (1,2,3), (3,5,4), (1,4,3,5,2), (1,3,4,2,5), (1,2,4), (2,3)(4,5), (1,5,3), (1,2)(3,4), (2,5,4), (1,5,3,2,4), (1,4,5,2,3), (1,3,5), (1,3,2), (1,2,5,4,3), (2,4)(3,5), (1,5,2,3,4), (1,4,5), (1,5,4,3,2), (1,4,2,5,3), (1,3,5,2,4), (1,2,3,4,5), (), (1,4,2), (1,3,2,5,4), (1,2,4,5,3), (2,3,5), (1,5)(3,4)]
[(2,4,5), (1,5)(2,3), (1,4,3), (1,3,5,4,2), (1,2,5,3,4), (3,4,5), (1,5,2), (1,4,3,2,5), (1,3)(2,4), (1,2,3,5,4), (), (1,5,4,3,2), (1,4,2,5,3), (1,3,5,2,4), (1,2,3,4,5), (2,3)(4,5), (1,5,3), (1,4,3,5,2), (1,3,4,2,5), (1,2,4), (2,3,5), (1,5)(3,4), (1,4,2), (1,3,2,5,4), (1,2,4,5,3), (2,4)(3,5), (1,5,2,3,4), (1,4,5), (1,3,2), (1,2,5,4,3), (2,3,4), (1,5,4), (1,4,5,3,2), (1,3)(2,5), (1,2,4,3,5), (3,5,4), (1,5,3,4,2), (1,4)(2,5), (1,3,2,4,5), (1,2,3), (2,5)(3,4), (1,5)(2,4), (1,4)(2,3), (1,3)(4,5), (1,2)(3,5), (2,5,3), (1,5,2,4,3), (1,4,2,3,5), (1,3,4), (1,2)(4,5), (2,4,3), (1,5,4,2,3), (1,4)(3,5), (1,3,4,5,2), (1,2,5), (2,5,4), (1,5,3,2,4), (1,4,5,2,3), (1,3,5), (1,2)(3,4)]
[(1,5)(2,3), (1,4,3), (1,3,5,4,2), (1,2,5,3,4), (2,4,5), (1,5)(2,4), (1,4)(2,3), (1,3)(4,5), (1,2)(3,5), (2,5)(3,4), (1,4,2,3,5), (1,3,4), (1,2)(4,5), (2,5,3), (1,5,2,4,3), (1,5)(3,4), (1,4,2), (1,3,2,5,4), (1,2,4,5,3), (2,3,5), (1,4,3,2,5), (1,3)(2,4), (1,2,3,5,4), (3,4,5), (1,5,2), (1,2,5), (2,4,3), (1,5,4,2,3), (1,4)(3,5), (1,3,4,5,2), (1,2,4,3,5), (2,3,4), (1,5,4), (1,4,5,3,2), (1,3)(2,5), (1,3,4,2,5), (1,2,4), (2,3)(4,5), (1,5,3), (1,4,3,5,2), (1,3,2,4,5), (1,2,3), (3,5,4), (1,5,3,4,2), (1,4)(2,5), (1,4,5), (1,3,2), (1,2,5,4,3), (2,4)(3,5), (1,5,2,3,4), (1,3,5), (1,2)(3,4), (2,5,4), (1,5,3,2,4), (1,4,5,2,3), (1,2,3,4,5), (), (1,5,4,3,2), (1,4,2,5,3), (1,3,5,2,4)]
[(1,4,3), (1,3,5,4,2), (1,2,5,3,4), (2,4,5), (1,5)(2,3), (1,2,3), (3,5,4), (1,5,3,4,2), (1,4)(2,5), (1,3,2,4,5), (1,2,5,4,3), (2,4)(3,5), (1,5,2,3,4), (1,4,5), (1,3,2), (1,3)(2,4), (1,2,3,5,4), (3,4,5), (1,5,2), (1,4,3,2,5), (1,3)(4,5), (1,2)(3,5), (2,5)(3,4), (1,5)(2,4), (1,4)(2,3), (1,4,5,2,3), (1,3,5), (1,2)(3,4), (2,5,4), (1,5,3,2,4), (1,3)(2,5), (1,2,4,3,5), (2,3,4), (1,5,4), (1,4,5,3,2), (1,2,4,5,3), (2,3,5), (1,5)(3,4), (1,4,2), (1,3,2,5,4), (1,5,3), (1,4,3,5,2), (1,3,4,2,5), (1,2,4), (2,3)(4,5), (1,5,4,2,3), (1,4)(3,5), (1,3,4,5,2), (1,2,5), (2,4,3), (1,4,2,5,3), (1,3,5,2,4), (1,2,3,4,5), (), (1,5,4,3,2), (1,5,2,4,3), (1,4,2,3,5), (1,3,4), (1,2)(4,5), (2,5,3)]
[(1,3,5,4,2), (1,2,5,3,4), (2,4,5), (1,5)(2,3), (1,4,3), (1,4,3,5,2), (1,3,4,2,5), (1,2,4), (2,3)(4,5), (1,5,3), (1,3,4,5,2), (1,2,5), (2,4,3), (1,5,4,2,3), (1,4)(3,5), (1,2)(3,5), (2,5)(3,4), (1,5)(2,4), (1,4)(2,3), (1,3)(4,5), (1,5,3,4,2), (1,4)(2,5), (1,3,2,4,5), (1,2,3), (3,5,4), (1,5,4,3,2), (1,4,2,5,3), (1,3,5,2,4), (1,2,3,4,5), (), (1,4,5,3,2), (1,3)(2,5), (1,2,4,3,5), (2,3,4), (1,5,4), (1,5,2), (1,4,3,2,5), (1,3)(2,4), (1,2,3,5,4), (3,4,5), (1,4,2), (1,3,2,5,4), (1,2,4,5,3), (2,3,5), (1,5)(3,4), (1,2)(3,4), (2,5,4), (1,5,3,2,4), (1,4,5,2,3), (1,3,5), (1,2)(4,5), (2,5,3), (1,5,2,4,3), (1,4,2,3,5), (1,3,4), (1,3,2), (1,2,5,4,3), (2,4)(3,5), (1,5,2,3,4), (1,4,5)]
[(1,2,5,3,4), (2,4,5), (1,5)(2,3), (1,4,3), (1,3,5,4,2), (1,3,2,5,4), (1,2,4,5,3), (2,3,5), (1,5)(3,4), (1,4,2), (1,5,3,2,4), (1,4,5,2,3), (1,3,5), (1,2)(3,4), (2,5,4), (1,4)(2,5), (1,3,2,4,5), (1,2,3), (3,5,4), (1,5,3,4,2), (1,2,4), (2,3)(4,5), (1,5,3), (1,4,3,5,2), (1,3,4,2,5), (1,3,4), (1,2)(4,5), (2,5,3), (1,5,2,4,3), (1,4,2,3,5), (1,5,4), (1,4,5,3,2), (1,3)(2,5), (1,2,4,3,5), (2,3,4), (1,4)(2,3), (1,3)(4,5), (1,2)(3,5), (2,5)(3,4), (1,5)(2,4), (1,2,3,5,4), (3,4,5), (1,5,2), (1,4,3,2,5), (1,3)(2,4), (1,3,5,2,4), (1,2,3,4,5), (), (1,5,4,3,2), (1,4,2,5,3), (1,5,2,3,4), (1,4,5), (1,3,2), (1,2,5,4,3), (2,4)(3,5), (1,4)(3,5), (1,3,4,5,2), (1,2,5), (2,4,3), (1,5,4,2,3)]

Група: Z16
Порядок: 16
Абелева: True
Таблиця Келі:
[(), (1,2,3,4,5,6,7,8,9,10,11,12,13,14,15,16), (1,3,5,7,9,11,13,15)(2,4,6,8,10,12,14,16), (1,4,7,10,13,16,3,6,9,12,15,2,5,8,11,14), (1,5,9,13)(2,6,10,14)(3,7,11,15)(4,8,12,16), (1,6,11,16,5,10,15,4,9,14,3,8,13,2,7,12), (1,7,13,3,9,15,5,11)(2,8,14,4,10,16,6,12), (1,8,15,6,13,4,11,2,9,16,7,14,5,12,3,10), (1,9)(2,10)(3,11)(4,12)(5,13)(6,14)(7,15)(8,16), (1,10,3,12,5,14,7,16,9,2,11,4,13,6,15,8), (1,11,5,15,9,3,13,7)(2,12,6,16,10,4,14,8), (1,12,7,2,13,8,3,14,9,4,15,10,5,16,11,6), (1,13,9,5)(2,14,10,6)(3,15,11,7)(4,16,12,8), (1,14,11,8,5,2,15,12,9,6,3,16,13,10,7,4), (1,15,13,11,9,7,5,3)(2,16,14,12,10,8,6,4), (1,16,15,14,13,12,11,10,9,8,7,6,5,4,3,2)]
[(1,2,3,4,5,6,7,8,9,10,11,12,13,14,15,16), (1,3,5,7,9,11,13,15)(2,4,6,8,10,12,14,16), (1,4,7,10,13,16,3,6,9,12,15,2,5,8,11,14), (1,5,9,13)(2,6,10,14)(3,7,11,15)(4,8,12,16), (1,6,11,16,5,10,15,4,9,14,3,8,13,2,7,12), (1,7,13,3,9,15,5,11)(2,8,14,4,10,16,6,12), (1,8,15,6,13,4,11,2,9,16,7,14,5,12,3,10), (1,9)(2,10)(3,11)(4,12)(5,13)(6,14)(7,15)(8,16), (1,10,3,12,5,14,7,16,9,2,11,4,13,6,15,8), (1,11,5,15,9,3,13,7)(2,12,6,16,10,4,14,8), (1,12,7,2,13,8,3,14,9,4,15,10,5,16,11,6), (1,13,9,5)(2,14,10,6)(3,15,11,7)(4,16,12,8), (1,14,11,8,5,2,15,12,9,6,3,16,13,10,7,4), (1,15,13,11,9,7,5,3)(2,16,14,12,10,8,6,4), (1,16,15,14,13,12,11,10,9,8,7,6,5,4,3,2), ()]
[(1,3,5,7,9,11,13,15)(2,4,6,8,10,12,14,16), (1,4,7,10,13,16,3,6,9,12,15,2,5,8,11,14), (1,5,9,13)(2,6,10,14)(3,7,11,15)(4,8,12,16), (1,6,11,16,5,10,15,4,9,14,3,8,13,2,7,12), (1,7,13,3,9,15,5,11)(2,8,14,4,10,16,6,12), (1,8,15,6,13,4,11,2,9,16,7,14,5,12,3,10), (1,9)(2,10)(3,11)(4,12)(5,13)(6,14)(7,15)(8,16), (1,10,3,12,5,14,7,16,9,2,11,4,13,6,15,8), (1,11,5,15,9,3,13,7)(2,12,6,16,10,4,14,8), (1,12,7,2,13,8,3,14,9,4,15,10,5,16,11,6), (1,13,9,5)(2,14,10,6)(3,15,11,7)(4,16,12,8), (1,14,11,8,5,2,15,12,9,6,3,16,13,10,7,4), (1,15,13,11,9,7,5,3)(2,16,14,12,10,8,6,4), (1,16,15,14,13,12,11,10,9,8,7,6,5,4,3,2), (), (1,2,3,4,5,6,7,8,9,10,11,12,13,14,15,16)]
[(1,4,7,10,13,16,3,6,9,12,15,2,5,8,11,14), (1,5,9,13)(2,6,10,14)(3,7,11,15)(4,8,12,16), (1,6,11,16,5,10,15,4,9,14,3,8,13,2,7,12), (1,7,13,3,9,15,5,11)(2,8,14,4,10,16,6,12), (1,8,15,6,13,4,11,2,9,16,7,14,5,12,3,10), (1,9)(2,10)(3,11)(4,12)(5,13)(6,14)(7,15)(8,16), (1,10,3,12,5,14,7,16,9,2,11,4,13,6,15,8), (1,11,5,15,9,3,13,7)(2,12,6,16,10,4,14,8), (1,12,7,2,13,8,3,14,9,4,15,10,5,16,11,6), (1,13,9,5)(2,14,10,6)(3,15,11,7)(4,16,12,8), (1,14,11,8,5,2,15,12,9,6,3,16,13,10,7,4), (1,15,13,11,9,7,5,3)(2,16,14,12,10,8,6,4), (1,16,15,14,13,12,11,10,9,8,7,6,5,4,3,2), (), (1,2,3,4,5,6,7,8,9,10,11,12,13,14,15,16), (1,3,5,7,9,11,13,15)(2,4,6,8,10,12,14,16)]
[(1,5,9,13)(2,6,10,14)(3,7,11,15)(4,8,12,16), (1,6,11,16,5,10,15,4,9,14,3,8,13,2,7,12), (1,7,13,3,9,15,5,11)(2,8,14,4,10,16,6,12), (1,8,15,6,13,4,11,2,9,16,7,14,5,12,3,10), (1,9)(2,10)(3,11)(4,12)(5,13)(6,14)(7,15)(8,16), (1,10,3,12,5,14,7,16,9,2,11,4,13,6,15,8), (1,11,5,15,9,3,13,7)(2,12,6,16,10,4,14,8), (1,12,7,2,13,8,3,14,9,4,15,10,5,16,11,6), (1,13,9,5)(2,14,10,6)(3,15,11,7)(4,16,12,8), (1,14,11,8,5,2,15,12,9,6,3,16,13,10,7,4), (1,15,13,11,9,7,5,3)(2,16,14,12,10,8,6,4), (1,16,15,14,13,12,11,10,9,8,7,6,5,4,3,2), (), (1,2,3,4,5,6,7,8,9,10,11,12,13,14,15,16), (1,3,5,7,9,11,13,15)(2,4,6,8,10,12,14,16), (1,4,7,10,13,16,3,6,9,12,15,2,5,8,11,14)]
[(1,6,11,16,5,10,15,4,9,14,3,8,13,2,7,12), (1,7,13,3,9,15,5,11)(2,8,14,4,10,16,6,12), (1,8,15,6,13,4,11,2,9,16,7,14,5,12,3,10), (1,9)(2,10)(3,11)(4,12)(5,13)(6,14)(7,15)(8,16), (1,10,3,12,5,14,7,16,9,2,11,4,13,6,15,8), (1,11,5,15,9,3,13,7)(2,12,6,16,10,4,14,8), (1,12,7,2,13,8,3,14,9,4,15,10,5,16,11,6), (1,13,9,5)(2,14,10,6)(3,15,11,7)(4,16,12,8), (1,14,11,8,5,2,15,12,9,6,3,16,13,10,7,4), (1,15,13,11,9,7,5,3)(2,16,14,12,10,8,6,4), (1,16,15,14,13,12,11,10,9,8,7,6,5,4,3,2), (), (1,2,3,4,5,6,7,8,9,10,11,12,13,14,15,16), (1,3,5,7,9,11,13,15)(2,4,6,8,10,12,14,16), (1,4,7,10,13,16,3,6,9,12,15,2,5,8,11,14), (1,5,9,13)(2,6,10,14)(3,7,11,15)(4,8,12,16)]
[(1,7,13,3,9,15,5,11)(2,8,14,4,10,16,6,12), (1,8,15,6,13,4,11,2,9,16,7,14,5,12,3,10), (1,9)(2,10)(3,11)(4,12)(5,13)(6,14)(7,15)(8,16), (1,10,3,12,5,14,7,16,9,2,11,4,13,6,15,8), (1,11,5,15,9,3,13,7)(2,12,6,16,10,4,14,8), (1,12,7,2,13,8,3,14,9,4,15,10,5,16,11,6), (1,13,9,5)(2,14,10,6)(3,15,11,7)(4,16,12,8), (1,14,11,8,5,2,15,12,9,6,3,16,13,10,7,4), (1,15,13,11,9,7,5,3)(2,16,14,12,10,8,6,4), (1,16,15,14,13,12,11,10,9,8,7,6,5,4,3,2), (), (1,2,3,4,5,6,7,8,9,10,11,12,13,14,15,16), (1,3,5,7,9,11,13,15)(2,4,6,8,10,12,14,16), (1,4,7,10,13,16,3,6,9,12,15,2,5,8,11,14), (1,5,9,13)(2,6,10,14)(3,7,11,15)(4,8,12,16), (1,6,11,16,5,10,15,4,9,14,3,8,13,2,7,12)]
[(1,8,15,6,13,4,11,2,9,16,7,14,5,12,3,10), (1,9)(2,10)(3,11)(4,12)(5,13)(6,14)(7,15)(8,16), (1,10,3,12,5,14,7,16,9,2,11,4,13,6,15,8), (1,11,5,15,9,3,13,7)(2,12,6,16,10,4,14,8), (1,12,7,2,13,8,3,14,9,4,15,10,5,16,11,6), (1,13,9,5)(2,14,10,6)(3,15,11,7)(4,16,12,8), (1,14,11,8,5,2,15,12,9,6,3,16,13,10,7,4), (1,15,13,11,9,7,5,3)(2,16,14,12,10,8,6,4), (1,16,15,14,13,12,11,10,9,8,7,6,5,4,3,2), (), (1,2,3,4,5,6,7,8,9,10,11,12,13,14,15,16), (1,3,5,7,9,11,13,15)(2,4,6,8,10,12,14,16), (1,4,7,10,13,16,3,6,9,12,15,2,5,8,11,14), (1,5,9,13)(2,6,10,14)(3,7,11,15)(4,8,12,16), (1,6,11,16,5,10,15,4,9,14,3,8,13,2,7,12), (1,7,13,3,9,15,5,11)(2,8,14,4,10,16,6,12)]
[(1,9)(2,10)(3,11)(4,12)(5,13)(6,14)(7,15)(8,16), (1,10,3,12,5,14,7,16,9,2,11,4,13,6,15,8), (1,11,5,15,9,3,13,7)(2,12,6,16,10,4,14,8), (1,12,7,2,13,8,3,14,9,4,15,10,5,16,11,6), (1,13,9,5)(2,14,10,6)(3,15,11,7)(4,16,12,8), (1,14,11,8,5,2,15,12,9,6,3,16,13,10,7,4), (1,15,13,11,9,7,5,3)(2,16,14,12,10,8,6,4), (1,16,15,14,13,12,11,10,9,8,7,6,5,4,3,2), (), (1,2,3,4,5,6,7,8,9,10,11,12,13,14,15,16), (1,3,5,7,9,11,13,15)(2,4,6,8,10,12,14,16), (1,4,7,10,13,16,3,6,9,12,15,2,5,8,11,14), (1,5,9,13)(2,6,10,14)(3,7,11,15)(4,8,12,16), (1,6,11,16,5,10,15,4,9,14,3,8,13,2,7,12), (1,7,13,3,9,15,5,11)(2,8,14,4,10,16,6,12), (1,8,15,6,13,4,11,2,9,16,7,14,5,12,3,10)]
[(1,10,3,12,5,14,7,16,9,2,11,4,13,6,15,8), (1,11,5,15,9,3,13,7)(2,12,6,16,10,4,14,8), (1,12,7,2,13,8,3,14,9,4,15,10,5,16,11,6), (1,13,9,5)(2,14,10,6)(3,15,11,7)(4,16,12,8), (1,14,11,8,5,2,15,12,9,6,3,16,13,10,7,4), (1,15,13,11,9,7,5,3)(2,16,14,12,10,8,6,4), (1,16,15,14,13,12,11,10,9,8,7,6,5,4,3,2), (), (1,2,3,4,5,6,7,8,9,10,11,12,13,14,15,16), (1,3,5,7,9,11,13,15)(2,4,6,8,10,12,14,16), (1,4,7,10,13,16,3,6,9,12,15,2,5,8,11,14), (1,5,9,13)(2,6,10,14)(3,7,11,15)(4,8,12,16), (1,6,11,16,5,10,15,4,9,14,3,8,13,2,7,12), (1,7,13,3,9,15,5,11)(2,8,14,4,10,16,6,12), (1,8,15,6,13,4,11,2,9,16,7,14,5,12,3,10), (1,9)(2,10)(3,11)(4,12)(5,13)(6,14)(7,15)(8,16)]
[(1,11,5,15,9,3,13,7)(2,12,6,16,10,4,14,8), (1,12,7,2,13,8,3,14,9,4,15,10,5,16,11,6), (1,13,9,5)(2,14,10,6)(3,15,11,7)(4,16,12,8), (1,14,11,8,5,2,15,12,9,6,3,16,13,10,7,4), (1,15,13,11,9,7,5,3)(2,16,14,12,10,8,6,4), (1,16,15,14,13,12,11,10,9,8,7,6,5,4,3,2), (), (1,2,3,4,5,6,7,8,9,10,11,12,13,14,15,16), (1,3,5,7,9,11,13,15)(2,4,6,8,10,12,14,16), (1,4,7,10,13,16,3,6,9,12,15,2,5,8,11,14), (1,5,9,13)(2,6,10,14)(3,7,11,15)(4,8,12,16), (1,6,11,16,5,10,15,4,9,14,3,8,13,2,7,12), (1,7,13,3,9,15,5,11)(2,8,14,4,10,16,6,12), (1,8,15,6,13,4,11,2,9,16,7,14,5,12,3,10), (1,9)(2,10)(3,11)(4,12)(5,13)(6,14)(7,15)(8,16), (1,10,3,12,5,14,7,16,9,2,11,4,13,6,15,8)]
[(1,12,7,2,13,8,3,14,9,4,15,10,5,16,11,6), (1,13,9,5)(2,14,10,6)(3,15,11,7)(4,16,12,8), (1,14,11,8,5,2,15,12,9,6,3,16,13,10,7,4), (1,15,13,11,9,7,5,3)(2,16,14,12,10,8,6,4), (1,16,15,14,13,12,11,10,9,8,7,6,5,4,3,2), (), (1,2,3,4,5,6,7,8,9,10,11,12,13,14,15,16), (1,3,5,7,9,11,13,15)(2,4,6,8,10,12,14,16), (1,4,7,10,13,16,3,6,9,12,15,2,5,8,11,14), (1,5,9,13)(2,6,10,14)(3,7,11,15)(4,8,12,16), (1,6,11,16,5,10,15,4,9,14,3,8,13,2,7,12), (1,7,13,3,9,15,5,11)(2,8,14,4,10,16,6,12), (1,8,15,6,13,4,11,2,9,16,7,14,5,12,3,10), (1,9)(2,10)(3,11)(4,12)(5,13)(6,14)(7,15)(8,16), (1,10,3,12,5,14,7,16,9,2,11,4,13,6,15,8), (1,11,5,15,9,3,13,7)(2,12,6,16,10,4,14,8)]
[(1,13,9,5)(2,14,10,6)(3,15,11,7)(4,16,12,8), (1,14,11,8,5,2,15,12,9,6,3,16,13,10,7,4), (1,15,13,11,9,7,5,3)(2,16,14,12,10,8,6,4), (1,16,15,14,13,12,11,10,9,8,7,6,5,4,3,2), (), (1,2,3,4,5,6,7,8,9,10,11,12,13,14,15,16), (1,3,5,7,9,11,13,15)(2,4,6,8,10,12,14,16), (1,4,7,10,13,16,3,6,9,12,15,2,5,8,11,14), (1,5,9,13)(2,6,10,14)(3,7,11,15)(4,8,12,16), (1,6,11,16,5,10,15,4,9,14,3,8,13,2,7,12), (1,7,13,3,9,15,5,11)(2,8,14,4,10,16,6,12), (1,8,15,6,13,4,11,2,9,16,7,14,5,12,3,10), (1,9)(2,10)(3,11)(4,12)(5,13)(6,14)(7,15)(8,16), (1,10,3,12,5,14,7,16,9,2,11,4,13,6,15,8), (1,11,5,15,9,3,13,7)(2,12,6,16,10,4,14,8), (1,12,7,2,13,8,3,14,9,4,15,10,5,16,11,6)]
[(1,14,11,8,5,2,15,12,9,6,3,16,13,10,7,4), (1,15,13,11,9,7,5,3)(2,16,14,12,10,8,6,4), (1,16,15,14,13,12,11,10,9,8,7,6,5,4,3,2), (), (1,2,3,4,5,6,7,8,9,10,11,12,13,14,15,16), (1,3,5,7,9,11,13,15)(2,4,6,8,10,12,14,16), (1,4,7,10,13,16,3,6,9,12,15,2,5,8,11,14), (1,5,9,13)(2,6,10,14)(3,7,11,15)(4,8,12,16), (1,6,11,16,5,10,15,4,9,14,3,8,13,2,7,12), (1,7,13,3,9,15,5,11)(2,8,14,4,10,16,6,12), (1,8,15,6,13,4,11,2,9,16,7,14,5,12,3,10), (1,9)(2,10)(3,11)(4,12)(5,13)(6,14)(7,15)(8,16), (1,10,3,12,5,14,7,16,9,2,11,4,13,6,15,8), (1,11,5,15,9,3,13,7)(2,12,6,16,10,4,14,8), (1,12,7,2,13,8,3,14,9,4,15,10,5,16,11,6), (1,13,9,5)(2,14,10,6)(3,15,11,7)(4,16,12,8)]
[(1,15,13,11,9,7,5,3)(2,16,14,12,10,8,6,4), (1,16,15,14,13,12,11,10,9,8,7,6,5,4,3,2), (), (1,2,3,4,5,6,7,8,9,10,11,12,13,14,15,16), (1,3,5,7,9,11,13,15)(2,4,6,8,10,12,14,16), (1,4,7,10,13,16,3,6,9,12,15,2,5,8,11,14), (1,5,9,13)(2,6,10,14)(3,7,11,15)(4,8,12,16), (1,6,11,16,5,10,15,4,9,14,3,8,13,2,7,12), (1,7,13,3,9,15,5,11)(2,8,14,4,10,16,6,12), (1,8,15,6,13,4,11,2,9,16,7,14,5,12,3,10), (1,9)(2,10)(3,11)(4,12)(5,13)(6,14)(7,15)(8,16), (1,10,3,12,5,14,7,16,9,2,11,4,13,6,15,8), (1,11,5,15,9,3,13,7)(2,12,6,16,10,4,14,8), (1,12,7,2,13,8,3,14,9,4,15,10,5,16,11,6), (1,13,9,5)(2,14,10,6)(3,15,11,7)(4,16,12,8), (1,14,11,8,5,2,15,12,9,6,3,16,13,10,7,4)]
[(1,16,15,14,13,12,11,10,9,8,7,6,5,4,3,2), (), (1,2,3,4,5,6,7,8,9,10,11,12,13,14,15,16), (1,3,5,7,9,11,13,15)(2,4,6,8,10,12,14,16), (1,4,7,10,13,16,3,6,9,12,15,2,5,8,11,14), (1,5,9,13)(2,6,10,14)(3,7,11,15)(4,8,12,16), (1,6,11,16,5,10,15,4,9,14,3,8,13,2,7,12), (1,7,13,3,9,15,5,11)(2,8,14,4,10,16,6,12), (1,8,15,6,13,4,11,2,9,16,7,14,5,12,3,10), (1,9)(2,10)(3,11)(4,12)(5,13)(6,14)(7,15)(8,16), (1,10,3,12,5,14,7,16,9,2,11,4,13,6,15,8), (1,11,5,15,9,3,13,7)(2,12,6,16,10,4,14,8), (1,12,7,2,13,8,3,14,9,4,15,10,5,16,11,6), (1,13,9,5)(2,14,10,6)(3,15,11,7)(4,16,12,8), (1,14,11,8,5,2,15,12,9,6,3,16,13,10,7,4), (1,15,13,11,9,7,5,3)(2,16,14,12,10,8,6,4)]

Ізоморфізм між GL(2, Z3) і D12: False